0000
0841
0000
0000
0000
0020
0000
0000
0000
0020
0841
0000
0020
0000
0000
0000
0000
0000
0020
0000
0000
0841
0000
0020
0000
0000
0841
0000
0000
0020
0000
0000
0020
0040
0000
0000
0000
0020
0000
0020
0000
0000
0000
0000
0000
0000
0020
0000
0000
0000
0000
0000
0000
0000
0000
0000
0000
0000
0000
0000
0000
0000
0000
0000
0841
0000
0000
0000
0000
0000
0000
0000
0000
0020
0000
0000
0020
0000
0861
0000
0000
0000
0861
0000
0841
0000
0000
0000
0000
0000
0020
0000
0000
0000
0000
0000
0861
0000
0020
0000
0000
0000
0000
0861
0000
0841
0000
0020
0000
0000
0020
0000
0000
0000
0861
0000
0020
0000
0000
0841
0000
0882
0000
0000
0020
0000
0000
0861
0861
0000
0000
0000
0000
0000
0000
0000
0000
0000
0000
0000
0000
0000
0000
0000
0000
0000
0000
0000
0000
0000
0000
0000
0000
0000
0000
0000
0000
0000
0841
0000
0000
0020
0000
0861
0000
0000
0000
0861
0000
0020
0020
0000
0000
0841
0020
0000
0000
0000
0000
0000
0000
0000
0841
0000
0841
0000
0000
0000
0000
1082
0020
0841
0000
0000
0000
0000
0000
0000
0020
0841
0000
0020
0000
0000
0000
1082
0000
0000
0841
0000
1082
0000
0861
0000
0000
0020
0020
0000
0000
0020
0000
0000
0000
0000
0000
0000
0000
0000
0000
0000
0000
0000
0000
0000
0000
0000
0000
0000
0000
0000
0000
0000
0000
0000
0841
1082
0000
0020
0000
0020
0000
0000
0000
0000
0000
0000
0020
0000
0020
0000
0000
0000
0841
0000
0000
0861
0000
0000
0000
0000
0000
0020
0020
0000
0000
0000
0000
0861
0020
0020
0000
0000
0841
0000
0841
0000
0020
0000
0000
0000
0000
0000
0000
0000
0000
0000
0000
0020
0020
0000
0000
0000
0000
0000
0820
0000
1061
0000
0800
0000
0000
0000
0000
0000
0000
0000
0000
0000
0000
0000
0000
0000
0000
0000
0000
0000
0000
0000
0000
0000
0000
0000
0000
0000
0000
0000
0020
0000
0000
0000
0841
0000
0000
0000
0000
0020
0000
0861
0861
0000
0000
0000
0000
0000
0841
0000
0861
0000
0000
0000
0020
0000
0000
0000
0841
0000
39c7
0861
0000
0861
52aa
0020
0000
0861
0000
0000
4208
2124
0841
0000
1082
0000
31a6
1082
18c3
39c7
3186
31a6
18c3
10a2
0000
4228
4a29
528a
39a7
39c7
0000
0000
0800
0000
0000
0000
0000
0000
0000
0000
0000
0000
0000
0000
0000
0000
0000
0000
0000
0000
0000
0000
0000
0000
0000
0000
0000
0000
0000
0861
0000
0020
0000
1082
0000
0861
0000
0841
0000
0000
0020
0000
0000
0861
0841
0841
0000
0000
0000
0000
0000
0000
0000
0000
0000
0841
0020
0841
0000
0000
d69a
9cf3
bdd7
6b4d
e71c
bdd7
4208
0000
4a49
c638
bdf7
b596
c618
6b6d
0000
0841
4a49
a534
2104
9492
8c51
94b2
a514
0000
0000
632c
6b4d
736d
7bae
ce38
0841
0000
0000
0000
0000
0000
0000
0000
0000
0000
0000
0000
0000
0000
0000
0000
0000
0000
0000
0000
0000
0000
0000
0000
0000
0000
0000
0000
0000
0000
0000
0861
0841
ad55
bdf7
0000
0841
0000
0000
8c51
d69a
d6ba
d6ba
0841
0861
c618
dedb
bdd7
1082
0000
0841
0000
0000
0000
0000
0000
0000
0000
0020
39c7
ad75
52aa
8c71
ad55
dedb
ce59
94b2
0020
3186
dedb
94b2
8430
b5b6
7bcf
0020
0841
0841
39c7
0841
0020
0000
2124
9cd3
0000
0020
6b4d
ad34
b575
ad35
ce59
1061
0000
0000
0000
0000
0000
0000
0000
0000
0000
0000
0000
0000
0000
0000
0000
0000
0000
0000
0000
0000
0000
0000
0000
0000
0000
0000
0000
1082
0000
0000
0000
94b2
9cd3
e71c
0861
94b2
b596
0000
a514
632c
0841
0841
0020
6b4d
6b6d
0841
ce79
632c
0000
0861
0000
0000
0000
0000
0000
0020
0000
0020
9cf3
bdf7
d69a
9cd3
8410
defb
c638
39e7
0000
4a49
b5b6
738e
73ae
9cf3
7bef
7bef
2965
b596
8430
0000
c618
c638
d69a
8430
0020
8410
b5b6
bdd7
ad75
b5b6
f77e
ad55
2965
0000
0000
0000
0000
0000
0000
0000
0000
0000
0000
0000
0000
0000
0000
0000
0000
0000
0000
0000
0000
0000
0000
0000
0000
0000
0000
0000
0020
0000
0020
0861
3186
ef7d
0000
2945
39c7
0861
bdf7
ad55
dedb
7bcf
0020
0000
18c3
7bcf
ce79
2104
0841
0000
0841
0000
0000
0000
0000
0020
0000
0000
2124
bdd7
5aeb
b5b6
6b6d
defb
8430
3186
0020
632c
a534
5acb
5aeb
8c71
e71c
528a
0000
3186
9cd3
0000
ce59
0000
0000
1082
0000
0861
9492
0841
a534
2945
5aeb
52aa
0000
0020
0020
0000
0020
0020
0000
0000
0000
0000
0000
0000
0000
0000
0000
0000
0000
0000
0000
0000
0000
0000
0000
0000
0000
0000
0000
0000
0020
0841
0000
0841
39c7
e71c
0841
0841
1082
0000
8410
4208
39c7
ef7d
39c7
0000
18c3
8c71
c638
4228
0000
0020
0000
0000
0000
0841
0020
0000
0000
1082
0841
bdd7
ad75
bdd7
8c51
c618
8c51
5aeb
10a2
9492
9cf3
94b2
a514
f79e
8c51
0020
0841
2104
94b2
2104
bdd7
1082
0841
4a69
0861
10a2
39e7
9cf3
ef7d
be18
94d3
0000
08a2
0000
0000
0000
0000
0000
0000
0000
0000
0000
0000
0000
0000
0000
0000
0000
0000
0000
0000
0000
0000
0000
0000
0000
0000
0000
0000
0000
0841
0000
0000
0000
39c7
ef5d
0000
9cd3
bdd7
0841
632c
2965
0000
ef5d
4a49
528a
31a6
0000
94b2
9cd3
0000
0841
0000
0000
0000
0000
0000
0000
0000
0861
0020
bdf7
9cd3
bdd7
4a69
a534
2945
10a2
0020
18c3
4228
94b2
b596
8410
8430
0000
0000
31a6
ef5d
632c
c638
18e3
18e3
b596
10a2
31a6
bdd7
5b0b
9cf3
31a6
ad96
636d
0020
0000
0000
0000
0020
0020
0020
0000
0000
0000
0000
0000
0000
0000
0000
0000
0000
0000
0000
0000
0000
0000
0000
0000
0000
0000
0000
0020
0000
0000
1082
0000
4208
dedb
1082
2124
2104
0000
7bef
defb
d6ba
b596
0841
39e7
f7be
c638
ef5d
39c7
0000
0000
0841
0000
0000
0000
0000
0020
0000
0000
18e3
ad75
7bcf
2945
8c71
a514
b5b6
8c51
0841
9cf3
7bef
2965
18e3
c618
4a69
0000
0000
2104
4208
0841
73ae
9cf3
94b2
7bcf
1082
4a69
18e3
6b8d
c638
0041
0882
634c
0882
0000
0020
0000
0000
0000
0000
0000
0000
0000
0000
0800
0800
0000
0000
0000
0000
0000
0000
0000
0000
0000
0000
0000
0000
0000
0000
0000
0841
0020
0000
0000
0000
10a2
0000
0000
0000
0000
0000
10a2
2104
0000
0000
0841
0020
10a2
0000
0000
0000
0861
0000
0000
0000
0000
0020
0000
0000
0020
0000
0020
0000
0000
0000
0841
0020
0841
0000
0861
0000
0000
0000
0841
0000
0020
0861
0841
0000
0000
0000
0000
0841
0841
0000
1082
0000
0841
0000
0000
0000
0861
0000
0841
0000
0000
0000
0000
0000
0800
0800
0800
0800
0800
0800
0800
0800
0800
0000
0000
0000
0000
0000
0000
0000
0000
0000
0000
0000
0000
0000
0020
0020
0020
0000
0000
0841
0000
0841
0000
0000
0000
0000
0020
0861
0000
0000
0841
0861
0000
0000
0861
0000
0000
0000
0841
0000
0000
0000
0000
0020
0000
0861
0841
0841
0000
0000
0000
0000
0841
0000
0000
0841
0000
0841
0000
0000
0000
0000
0000
0020
0020
0000
0000
0020
0000
0020
0000
0841
0861
0861
0841
0000
0000
0000
0800
0800
0800
0800
0800
0800
0800
0800
0800
0800
0800
0800
0000
0000
0000
0000
0000
0000
0000
0000
0000
0000
0000
0000
0000
0861
0000
0000
0841
0000
0000
0000
0020
0000
0841
0000
0000
0841
0000
0000
0000
0000
0000
0020
0000
0000
0000
0020
0000
0000
0000
0000
0841
0841
0000
0020
0000
0000
0000
0000
0841
0020
0000
0020
0000
0861
0000
0020
0000
0000
0841
0020
0000
1082
0000
0000
0020
0000
0000
0020
0000
0000
0820
0000
0000
0000
0000
0841
0000
1021
0000
0800
0800
1000
1800
1000
1000
1800
1801
1000
1000
0800
0800
0800
0000
0000
0000
0000
0000
0000
0000
0000
0000
0000
0020
0000
0000
0020
0000
0000
1082
0000
0000
0000
0000
0020
0000
0000
0841
0020
0000
0020
0841
0000
0000
1082
0000
0000
0000
0000
0000
0841
0000
0000
0861
0000
0000
0841
0841
0000
0000
0000
0000
0000
0000
0000
0000
0000
0000
0041
0000
0000
0861
0000
0000
0000
0000
0000
0841
0000
0000
0000
0000
0820
0000
1861
0000
0000
1081
0800
1000
2000
3801
4863
50a4
50c4
58c4
60e5
58a4
5083
4822
3800
2800
2000
1800
1800
1000
1000
0800
0800
0000
0000
0000
0000
0000
0000
0862
0000
0000
0820
0000
0000
0020
0020
0000
0000
0040
0000
0000
0000
0000
0000
0000
0020
0000
0000
0000
0000
0000
0000
0000
0000
0000
0000
0000
0000
0000
0000
0000
0000
0000
0000
0000
0000
0000
0000
0000
0000
0000
0000
0000
0000
0000
0000
0000
0000
0000
0000
0000
0000
0000
0000
0800
0800
1000
1000
1000
1020
0860
1040
3000
5000
a105
b167
98e5
a167
a947
a8c5
b8e6
c0e6
c126
b926
b125
9904
80a2
6860
4000
3800
2800
1800
1000
0800
0800
0000
0000
0000
0000
0800
0800
0800
0000
0000
0000
0020
0040
0040
0020
0020
0000
0000
0000
0000
0000
0000
0000
0000
0000
0000
0000
0000
0000
0000
0000
0000
0000
0000
0000
0000
0000
0000
0000
0000
0000
0000
0000
0000
0000
0000
0000
0000
0000
0000
0000
0000
0000
0000
0000
0000
0800
0800
0800
0800
1000
1000
1800
1800
2000
1820
1060
1820
4000
9105
b8c5
c0c5
b0e5
8000
b946
c906
d884
e064
d863
d8a4
d0c4
c8e3
c0e3
b8e4
b145
98e4
7061
4800
3000
1800
1000
0800
0821
0000
0000
0000
0000
0800
0800
0000
0000
0020
0040
0040
0020
0020
0000
0800
0000
0000
0000
0000
0000
0000
0000
0000
0000
0000
0000
0000
0000
0000
0000
0000
0000
0000
0000
0000
0000
0000
0000
0000
0000
0000
0000
0000
0000
0000
0000
0000
0000
0000
0000
0000
0800
0800
1000
1000
1020
1020
1841
1821
2021
2000
2800
2800
2000
2800
4800
a966
c967
b0a4
a945
7820
7800
b904
d883
e843
e063
d863
d883
d8a3
e0a4
e0c5
e084
d8a5
c8e6
b106
90e6
6083
3800
1800
0800
0000
0000
0020
0000
0000
0800
0800
0800
0000
0000
0020
0000
0000
0800
0800
0000
0000
0000
0000
0000
0000
0000
0000
0000
0000
0000
0000
0000
0000
0000
0000
0000
0000
0000
0000
0000
0000
0000
0000
0000
0000
0000
0000
0000
0000
0000
0000
0000
0000
0800
0800
0800
1000
1000
1820
1820
1820
1820
1820
2000
2800
2800
2800
2800
3000
6021
b1a8
9801
9801
8000
7000
6000
a082
d883
e863
e883
e083
d863
d843
e043
e843
e824
e844
e086
d8e7
c127
a926
8905
68e4
3800
2000
1000
0000
0000
0020
0000
0800
0800
0000
0000
0000
0000
0000
0800
0800
0000
0000
0000
0000
0000
0000
0000
0000
0000
0000
0000
0000
0000
0000
0000
0000
0000
0000
0000
0000
0000
0000
0000
0000
0000
0000
0000
0000
0000
0000
0000
0000
0800
0800
1000
1000
1800
1800
1800
1800
2000
2000
2000
2000
2800
2800
3000
3000
2800
3000
6842
98e5
c967
c926
a8a3
b104
7800
b882
d863
e063
e884
e084
e083
d863
e064
e084
e8a5
e885
e064
d864
d0a5
d0c5
c8e5
c106
a8c5
7843
4000
1800
0000
0040
0040
0020
0000
0000
0000
0000
0000
0000
0000
0000
0000
0000
0000
0000
0000
0000
0000
0000
0000
0000
0000
0000
0000
0000
0000
0000
0000
0000
0000
0000
0000
0000
0000
0000
0000
0000
0000
0000
0000
0000
0000
0800
0800
1000
1820
1800
1800
2000
2000
2000
2000
2000
2000
2000
2000
2000
2801
2801
2800
3000
5000
9925
a8c4
c125
b0a2
8000
c0e3
d0c4
d884
d864
d864
d864
e064
e064
e084
e884
e064
e064
e084
e0a4
e8a4
e084
e063
d863
e0e6
c8e6
90c4
5861
2800
0800
0000
0000
0000
0000
0000
0000
0000
0000
0000
0000
0000
0000
0000
0000
0000
0000
0000
0000
0000
0000
0000
0000
0000
0000
0000
0000
0000
0000
0000
0000
0000
0000
0000
0000
0000
0000
0000
0000
0000
0800
0800
1000
1000
1800
2000
2000
2000
2000
2000
2000
2000
2000
1820
1040
1020
1821
1801
1801
2001
2800
3800
6820
a104
b124
c144
a820
c8e3
d0c4
d0e5
d0c5
d085
d864
e044
e844
e844
e844
e844
e043
e063
e063
e062
e062
e883
f0a3
e823
e8a5
d927
b126
70a3
3800
1800
0800
0000
0000
0000
0000
0000
0000
0020
0000
0000
0000
0000
0000
0000
0000
0000
0000
0000
0000
0000
0000
0000
0000
0000
0000
0000
0000
0000
0000
0000
0000
0000
0000
0000
0000
0000
0000
0800
0800
1000
1000
1820
2021
2000
2000
2000
2000
2000
2000
2000
2000
1820
1040
1020
1021
1021
1001
1800
1800
2800
3800
5040
70e0
9182
a1c3
9962
a163
a984
a965
b144
c125
c905
d0e5
d8a4
d864
d863
e064
e8a4
e8a4
e883
e062
e062
e862
e843
e844
d884
d0e6
b947
9106
5842
2800
1000
0800
0000
0000
0020
0020
0020
0000
0000
0000
0000
0000
0000
0000
0000
0000
0000
0000
0000
0000
0000
0000
0000
0000
0000
0000
0000
0000
0000
0000
0000
0000
0000
0000
0000
0800
1000
1820
1821
1821
1820
1800
2000
2000
2000
2000
2000
2000
2000
2000
2820
2020
2000
1800
1801
1801
1000
1000
0820
0020
00a0
08e0
21c0
1980
21a0
1920
3100
38c0
48e0
6140
81a2
91a3
a963
b924
c0c3
d8c4
e0a4
e064
e044
e884
f085
e043
e0a4
d063
e0a4
e0e6
d885
d0c7
b8e7
8844
4000
2800
0800
0000
0040
0020
0000
0020
0000
0000
0000
0000
0000
0000
0000
0000
0000
0000
0000
0000
0000
0000
0000
0000
0000
0000
0000
0000
0000
0000
0000
0000
0000
0000
0800
1000
1000
1820
1821
2000
1800
1800
2000
2000
2000
2000
2000
2000
2000
2020
1800
1800
1800
1800
1021
1021
1040
1080
0920
00c0
33a4
6dcb
658a
6e0c
762d
760c
7569
8568
7d07
5bc3
3220
2920
4120
6940
a1e4
a943
b082
c883
e0c5
e045
d804
f0a6
d8a4
d062
d884
e8a5
e045
e025
e087
d0c8
9886
4800
1800
0820
0020
0020
0840
0000
0000
0000
0000
0000
0000
0000
0000
0000
0000
0000
0000
0000
0000
0000
0000
0000
0000
0000
0000
0000
0000
0000
0000
0000
0800
0800
1000
1800
1820
1820
2000
2000
1800
1800
2000
2000
1800
1800
1800
1000
1000
1020
1040
0860
0860
0881
08c2
08c2
10c1
0900
0180
3c05
5dcb
4527
0b00
23a3
3426
5dca
5e47
5625
4e04
5646
6ea8
6e69
5525
43a2
2160
4120
81a2
b1e6
c0e5
d086
e867
e805
e865
e884
e064
d844
e045
f066
f046
d805
d0e8
9885
4800
1800
0000
0020
0000
0000
0000
0000
0000
0000
0000
0000
0000
0000
0000
0000
0000
0000
0000
0000
0000
0000
0000
0000
0000
0000
0000
0000
0000
0800
0800
1000
1820
2000
2000
2000
2000
2000
2000
1800
2000
1800
1800
1000
1000
0820
0820
0840
10a0
08e0
08e1
0902
0922
0922
1121
0940
0180
65cb
5e2b
55ea
3c24
0a60
1280
4cc6
5666
5725
5725
46a4
3e63
4685
56a7
5e88
7eab
6d07
3a20
3880
7902
b145
c0c6
d8a6
d803
e865
e0a5
d864
e064
e845
f046
f887
e066
d148
88c5
4000
1800
0800
0000
0040
0000
0000
0000
0000
0000
0000
0000
0000
0000
0000
0000
0000
0000
0000
0000
0000
0000
0000
0000
0000
0000
0000
0800
0800
1000
1800
2000
2000
2000
2000
2000
2000
2000
2000
1820
1820
1020
1020
0840
0860
10a0
10c0
10c0
10e0
0901
0921
0122
0121
0900
0120
12a0
6e0b
2463
3ce5
4c45
11c0
2220
01e0
3d41
4641
4ea2
56a3
56a3
56c4
4e84
4623
4e44
5605
7e6a
8589
5281
40e0
7141
b1a5
d926
e065
d844
e085
e8c5
e064
e044
f0a6
e085
d0a6
c948
9906
4800
1800
0800
0000
0000
0000
0000
0000
0000
0000
0000
0000
0000
0000
0000
0000
0000
0000
0000
0000
0000
0000
0000
0000
0000
0800
0800
1000
1801
1801
2000
2000
2000
2000
2000
2000
2000
2020
1800
1000
0820
0840
0880
08c1
1101
1101
10e0
10e0
0900
0101
0101
0101
08e0
0920
0a40
768c
1441
13c0
3ba2
11c0
2a62
0a40
4de3
46a2
56c3
56a2
4e82
4ea2
4ee2
4ee2
4f24
5725
5685
6646
8649
6ca4
3a40
40c0
9923
c0c5
d0a5
d885
e085
e8a5
e084
d002
e085
d865
d8e6
d128
90a5
4801
1000
0000
0000
0000
0000
0000
0000
0000
0000
0000
0000
0000
0000
0000
0000
0000
0000
0000
0000
0000
0000
0000
0800
0800
1000
1801
2001
2001
2000
2000
2000
2000
2000
2000
2000
1800
1000
1020
1060
0880
08c1
08e1
0901
0901
1100
1100
0900
0901
0101
0900
18e0
1100
01c0
6609
4e48
5669
4cc6
1260
01e0
3445
4666
36c3
36c2
3ec2
46e2
4702
4721
4721
3ee0
4701
4f02
56c2
56a3
6ee6
6e65
5c83
3940
7924
c146
e0c6
e003
f024
f0e5
e8e5
d884
e8c5
e845
e066
d128
9085
3800
1000
0000
0000
0000
0000
0000
0000
0000
0000
0000
0000
0000
0000
0000
0000
0000
0000
0000
0000
0000
0000
0800
1000
1800
1801
2001
2001
2000
2000
2000
2000
2000
1800
1800
1000
1040
1080
10c1
1101
1101
0901
0900
00e0
1100
1100
08e0
08e1
08e1
10e0
18c0
1100
0180
2be3
560a
4da8
02a0
33c4
33c5
662c
46a7
3704
3704
3f23
3f21
3f00
3f00
4720
4f21
5721
4f01
4ee1
4f22
5723
4f02
5e85
6d48
4a01
60a0
b145
e106
e063
e083
e0a4
e084
e065
f046
f046
d866
c127
80c5
2800
1000
0000
0000
0000
0000
0000
0000
0000
0000
0000
0000
0000
0000
0000
0000
0000
0000
0000
0000
0800
1000
1800
1800
1800
2000
2000
2000
2000
2000
2000
1820
1020
1040
0840
10c1
10c1
08e1
10e0
1100
1100
1100
1100
1100
1100
1101
10e1
10e1
10e1
10e1
10e0
0120
0a00
2364
658b
75ec
760c
658a
6629
4e25
3e83
3ea2
3f02
3f21
3f00
46e0
4ee1
56e2
5f04
56a3
56e3
4ee2
4f22
4700
5742
6705
6e27
3b02
4120
a9e5
c923
d881
e8a3
e045
e846
f026
f066
d864
c8a4
d9e9
7001
2800
1000
0000
0040
0000
0020
0000
0001
0000
0000
0000
0000
0000
0000
0000
0000
0000
0000
0000
0800
1800
1800
2000
2000
2000
2000
2000
2000
2000
1820
1020
0840
0860
08a1
10e1
1101
0901
0900
08e0
08e0
10e0
1100
08e0
08e0
10e0
10e1
18c1
10c1
10a1
00c1
00c0
0080
00c0
01c1
02a3
0261
0b43
0b82
1c84
3586
4e68
56e7
4ec5
46a4
46a3
4ec3
56c3
4662
5704
4ea2
5f63
46e0
4f61
4720
4f21
56c4
6e69
4bc4
3880
a1c3
c922
d862
f086
f067
e826
e866
e8c5
d063
d085
b907
5801
1800
0000
0020
0020
0000
0821
0000
0000
0000
0000
0000
0000
0000
0000
0000
0000
0000
0800
1000
1800
2000
2000
2000
2000
2000
2000
2000
1800
1000
1020
0860
10a1
10e1
10e1
1101
1101
0900
08e0
08e0
10e0
1120
0920
0920
0900
08c0
10a0
0881
0862
0082
0063
00e4
01e8
1bae
1c4f
2d32
0c8f
2531
0bcc
02e9
0203
0201
13a5
4dc9
56ca
46c6
4f25
5785
46e1
4f42
3ec0
4f21
3ee0
57a3
4f01
6745
76e8
75a7
6bc3
48e0
a962
d105
d844
f046
e866
e065
e8a5
e8c6
d045
d128
9106
3000
0800
0000
0040
0000
0821
0000
0000
0000
0000
0000
0000
0000
0000
0000
0000
0800
1000
1800
1800
2000
2000
2000
2000
2000
1800
1800
1000
1020
1040
10a0
10e1
1101
08e0
08e0
08e0
0900
1100
1100
1100
1100
0920
0100
00c0
0080
0860
0862
0883
00a5
00e6
01a9
4cb5
3cf5
45b8
2db7
2df8
2598
3dba
459a
55da
5577
1bcd
0243
0322
2526
3e67
46e5
46c3
46c1
67a4
5722
46e0
5722
5722
5f03
5e63
7ea7
8648
63a2
50a0
b164
d0c5
e065
e886
e8a6
d824
f0e7
e8a7
c8a7
b168
6884
1800
0000
0000
0820
0800
0800
0000
0020
0000
0000
0000
0000
0000
0000
0000
0800
1000
1800
2000
2000
2000
2000
2000
1800
1800
1000
1020
1040
10a0
18e1
1101
10e0
0900
08e0
08e0
0900
1101
1101
10e0
08c0
0080
0081
0081
0082
0883
08a4
08e5
0106
0168
5474
5516
4d57
022a
026a
2d56
35b9
153a
25bd
25bc
257a
3dda
5639
34f2
0307
0281
4548
6eea
5685
56e4
56c2
56e2
5f22
5701
5701
6702
66a2
5e84
7e68
6363
5080
c186
d8c6
d884
f0e7
e024
e025
e867
d8a8
c928
a147
3800
1000
0000
0820
0800
0800
0000
0020
0000
0000
0000
0000
0000
0000
0800
0800
1800
1800
2000
2000
2000
2000
2000
1800
1020
1020
1040
1080
18e1
1901
1100
08e0
1100
0900
08e0
08e0
1101
10e1
08a0
0080
0062
0083
08a3
08c4
08c5
08c5
00c5
00e5
0167
5cf6
4cb5
01a8
028c
028c
020a
2517
365e
15fd
0dbc
15fd
1ddc
1d59
3538
4d97
4d53
02c5
0302
562a
4e05
66e5
6f04
5ec1
5700
5f20
6741
5ee1
5f44
5ec5
866a
4a40
70e0
b945
d0a4
e8a5
f0a6
e025
e027
e8a9
d0a7
c148
78e4
2000
1820
0000
0800
0000
0020
0020
0000
0000
0000
0000
0000
0000
0800
1000
1800
2000
2000
2000
2000
2000
2000
1820
0820
0840
1080
10c1
10e0
1100
0900
0900
0920
0900
0900
08e0
08c0
08a1
0081
0081
08c3
08c3
10c3
08e4
08e4
00c4
00c4
00c4
1aac
6536
024b
3434
1bb2
1bd3
3cb7
028e
1dba
0dfa
0dfa
163b
163c
1e1c
1dfc
2ddb
3599
45b8
1c2e
0262
4528
6648
6ec5
66e2
6741
4ee0
5f20
6783
4f01
6fa6
4e44
7e29
4180
8922
d105
e064
f0a5
f0a6
e047
e048
e087
d108
a947
5021
1800
0000
0800
0000
0000
0020
0000
0000
0000
0000
0000
0800
0800
1000
1800
2000
2000
2000
2000
1800
1800
1820
0820
0880
10c1
10e1
10e0
08e0
08e0
0900
0900
0900
0900
08c0
0080
0080
00a1
08c3
08c3
08c3
08c3
00a3
00c3
00c4
0105
0125
01c9
5d16
4cd6
5d9a
1393
13b4
3d1a
3d9b
15d9
0e3a
0e3a
0e1a
0e1b
0e3c
0e3d
161e
1dfd
259a
3df9
3532
0303
2c85
76a9
6683
6720
5f40
5f40
5720
5720
4f01
5fa5
66c7
6485
5120
b144
d8c5
e084
e885
e867
e868
e867
d8a7
c107
90e5
2000
0800
0840
0000
0000
0000
0000
0000
0000
0000
0000
0800
1000
1801
2000
2801
2000
2000
2000
2020
1820
0800
0860
10c1
10e1
10e0
08e0
1100
0900
0900
0900
0900
08e0
00a0
0080
08c2
08e3
08c3
00e3
0103
0903
08e3
08c3
00a3
00c4
00e5
0147
33d2
5d79
3cf8
0bf5
0c37
253b
2dfd
161c
05fa
0dfa
161b
0dfa
05db
061c
065d
05fc
169d
15d9
2e17
3dd2
0344
1382
7eea
6703
5ee0
56e0
5f62
6761
5720
5782
5703
7ea9
5301
7100
b8e4
e106
e885
e005
f087
f066
e886
d8c7
b927
5041
1000
0000
0040
0000
0000
0000
0000
0000
0000
0800
0800
1800
2000
2000
2000
2000
2000
1800
1820
1820
0820
10a0
08e1
1101
08e0
08e0
0900
0900
0900
0900
08e0
00a0
00a1
00c2
00c2
08c3
00e4
00e4
00e4
00c3
00c4
08c4
08c4
08c4
00e5
00c5
0a4b
3433
4d79
459a
3559
2d5a
259a
15b9
265b
1e1b
0d99
15fb
1e5d
0e3d
061c
067d
063b
0e7b
0e17
3656
3591
0367
13c3
7708
5ea1
6fa4
5701
5700
5f40
5760
5f42
5ea4
8608
38c0
aa06
c0e5
d865
f0c6
f045
e845
f087
e866
c8e7
78c4
1800
0000
0020
0000
0800
0000
0000
0000
0000
0800
1000
1800
2000
2000
2000
2000
2000
1800
1020
1020
1060
10c0
1101
1101
08e0
08e0
08e0
0900
08e0
08e0
0080
0080
08c2
08e3
00c3
00a3
00c4
00e5
00c5
00a4
00a4
08c4
10c4
08c4
00c4
00e4
00e3
01a6
1b2d
3431
3472
3cd4
4556
35b8
2db8
25da
25da
15bb
15db
15fc
0ddc
061c
0ebd
063a
0e9a
1e79
25f7
2d55
0327
2463
7728
6704
56e1
6782
5f40
5f00
6721
6f22
86e7
5381
5960
b967
d066
f0c6
f044
e824
f887
f046
d8c7
a168
3000
1020
0000
0800
0800
0000
0000
0000
0800
0800
1000
1800
2000
2000
2000
2000
2020
1820
1000
1040
10a0
10e0
1100
1100
0900
08e0
1100
08e0
08e0
00a0
0080
0081
00c2
08e3
00c4
00c3
00c4
00c5
00c5
00a4
08a4
08a4
08a3
08a2
0082
00c2
0081
0060
0060
0080
0081
0081
00a2
01a7
02ac
2c74
45ba
359a
257a
25fc
1e3d
0e3c
061b
0edc
069b
0619
1e5b
2e1b
2d95
02c2
4dc8
5ec6
5ee3
6fa4
5f00
6f20
6f00
77a2
5e61
8eab
2120
a1c8
c8c8
e8a5
f044
e845
f887
f026
e0a7
b989
5842
1800
0000
0800
0800
0000
0000
0000
0800
1000
1820
2000
2000
2000
2000
2000
2020
1820
0820
0860
10c1
08e0
0900
0900
0900
08e0
10e1
10e1
08c1
0060
00a1
08c3
00c3
00c3
00c4
00e4
00c4
00c3
08c3
08e3
08c3
08a2
0061
0060
0040
0020
0020
0020
0020
0000
0000
0000
0000
0000
0062
0043
0148
3c54
55fb
25ba
15da
0e7c
063b
067c
065b
0e5c
167d
061c
265a
1cf0
0323
66ca
66e5
5f03
5ee0
7f82
6f00
6f40
6702
7ee9
4b43
60e2
c169
e0a6
f045
f066
f067
f047
e088
c108
8906
2000
1000
0800
0800
0000
0000
0000
0800
1000
1821
2000
2000
2000
2000
2000
1800
1020
0840
0880
10e1
08e0
0900
0900
08e0
10e0
10e1
08c1
08a1
0061
08c3
10e4
00c3
00a3
00c4
00e4
00c3
00c3
08e3
08e3
08a2
0061
0020
0000
0000
0040
0000
0000
0000
0800
0800
1000
1000
1861
0000
0001
0063
0043
020a
3536
361a
15f9
1ebd
05d9
063b
169d
063c
0e9d
0e1a
4659
0369
1c85
7729
66e4
6f22
6f21
6f41
5f20
6f43
6ea7
6cc7
2800
b1c9
d886
f066
f087
e867
e887
e087
c8c8
b169
3800
1800
0800
0000
0000
0000
0000
0800
1000
1821
2001
2000
2000
2000
2000
1800
1020
0860
10c1
08e0
0900
0900
1100
08e0
10e1
10e1
08a1
0061
0882
08c3
08c4
08c4
00c4
00c4
00c4
00e4
00e4
00c3
0082
0062
0001
0000
0000
0000
0000
0000
0000
0841
0841
0000
0000
0000
0000
0861
0000
0000
00a2
0061
0186
3cb3
35b8
1dd9
26bc
061a
061a
1ebc
0e3a
2e7b
35f9
3d95
02a1
6669
7f26
7722
5f00
6781
6782
5ee3
86e9
4be2
1840
8945
d0a7
f068
e867
e866
e8a8
d867
d8c8
c16a
5843
1800
0800
0000
0000
0000
0000
0800
1820
2021
2021
2000
2000
2000
2000
1000
0820
1080
10e1
08e0
0900
1100
1100
10e0
10e1
10c1
0881
0041
10e4
08a3
00a4
08e4
00e5
00a4
00a4
00e4
00e4
00a3
0041
0001
0001
0001
0801
0801
0001
0801
0001
0000
0000
0000
0021
0021
0021
0000
0020
0880
0020
0020
0061
00e3
4cf5
3d97
2619
1e9b
0e5a
065a
26bb
261a
2e1b
3e19
03c9
2ca7
7ea8
76a3
7763
6742
6f44
6ee5
86a9
2ae0
18c0
5860
d92a
e808
e847
e867
e8a8
d847
e0e9
c909
80c6
2000
0800
0020
0000
0000
0800
1000
1800
2000
2000
2000
1800
2041
1820
0800
1060
10c1
10e0
1100
1100
1100
10c0
10c0
1902
0881
0041
08c3
00a3
00c4
08e4
00e4
00c4
00c4
00c4
00c3
0061
0041
0021
0000
0000
0000
0000
0000
0000
0000
0000
0000
0000
0000
0000
0000
0000
0000
0000
0020
0020
0020
0000
0001
00c4
54f5
3df8
1639
16db
0639
26fd
161b
2e5c
363a
3594
0264
5508
8ea9
7ee5
76e4
7ec6
8ec9
4c84
09e0
00c0
3820
d109
f049
f068
e847
f067
f088
d887
d109
a107
3800
0800
0040
0000
0000
0800
1000
1800
2000
2000
2000
1800
2021
1020
0820
0860
10c0
10e0
1100
10e0
1100
10e0
10c1
10e2
0881
0041
08c3
00c3
00e4
00e5
00e4
00e4
00e4
00c4
00a3
0021
0020
0000
0000
0000
0000
0000
0000
0000
0000
0000
0000
0000
0000
0000
0000
0000
0000
0000
0000
0020
0020
0000
0000
0022
1a2a
45b7
2618
16db
067b
167c
163b
1e5a
265a
35d8
032a
0242
4c25
6585
7e67
6d66
3b81
0140
0100
0960
2840
b086
f069
f068
e847
f047
f088
e067
d908
b0e7
4800
0800
0040
0000
0000
0800
1000
1800
2000
2000
2000
1800
2021
1020
0820
1080
10e0
10e0
1100
08e0
1100
10e0
10e1
10c1
0081
0061
08c3
00c4
00e4
00e4
00c4
00e4
08e4
00a3
0082
0000
0000
0000
0000
0000
0000
0000
0000
0000
0000
0000
0000
0000
0000
0000
0000
0000
0000
0000
0000
0020
0020
0000
0000
0001
0042
2411
3639
1e7a
16bb
165b
1e7c
1e9b
267a
3e7a
3534
00c0
0180
01c0
01c0
0180
0160
0100
0941
0961
1800
9024
e0c9
e888
e867
f047
f088
e087
d908
b908
5801
1000
0020
0000
0000
0800
1000
2000
2000
2000
2000
1800
1821
1020
0820
1080
10e0
10e0
1100
08e0
1100
1100
10e1
08a1
0061
0082
08e3
00c4
00c4
00c4
00c4
08e4
08e4
00a3
0041
0000
0000
0000
0000
0000
0000
0000
0000
0000
0000
0000
0000
0000
0000
0000
0000
0000
0000
0000
0000
0020
0020
0000
0000
0001
0022
01c8
45f8
1e19
167b
1e9c
1e9b
169a
0e18
2619
4639
0124
0162
0140
0100
00a0
0921
0902
00e1
00e0
1860
7863
c8e7
e0a8
e867
f047
f067
e087
d8e8
c128
7043
1000
0020
0000
0000
0800
1000
2000
2000
2000
2000
2000
1821
1020
0820
10a0
10e1
10e0
1100
0900
1100
1101
10e1
0881
0061
00a2
08e4
00c4
00c4
00c4
00c4
08c4
08c4
0063
0001
0000
0000
0000
0000
0000
0000
0000
0000
0000
0000
0000
0000
0000
0000
0000
0000
0000
0000
0000
0000
0000
0020
0000
0000
0000
0083
0063
2c52
3619
267a
1e9c
169b
273c
1eda
26bb
469b
024a
00c3
08c1
1101
1903
10c3
08a3
08c3
0922
1880
5020
b126
d8c7
e868
f027
f067
e867
e0c8
c908
8085
1800
0000
0000
0000
0800
1000
2000
2000
2000
2000
2000
1821
1020
0840
10a1
10e1
10e0
1100
1120
08e0
1101
10e1
0080
0081
08c3
08c3
00c4
00e4
00e4
00c4
08c4
08a3
0062
0000
0000
0000
0000
0000
0000
0000
0000
0000
0000
0000
0000
0000
0000
0000
0000
0000
0000
0000
0000
0000
0000
0020
0020
0020
0000
0021
0042
020a
4e39
2e7a
167a
169b
0e79
0679
16bb
2e5a
2bd0
00c3
08a1
18e1
1082
0882
10e4
1924
0922
1080
3800
a987
d0c7
e888
e847
f067
e867
e0a8
d108
90e6
1800
0000
0000
0000
0800
1000
2000
2000
2000
2000
2000
1821
1000
0840
10c1
10e1
08e0
1100
1120
08e0
0900
08e1
0080
00a1
08e3
00c3
00c4
00c4
00e4
00c4
08c4
08a3
0042
0000
0000
0000
0000
0000
0000
0000
0000
0000
0000
0000
0000
0000
0000
0000
0000
0000
0000
0000
0000
0000
0000
0020
0040
0020
0000
0000
0023
00a4
4dd8
2e39
1659
16bb
1efb
16ba
0ebb
1e39
44d3
00e2
10e0
18e0
2121
10e1
10a1
0060
00a0
1901
3040
a1c8
c8e8
e8a8
f047
f068
f088
e0a8
d109
a107
2000
0800
0000
0000
0800
1820
2000
2000
2800
2000
2000
1821
1000
0840
10c1
10e1
08e0
0900
1140
08e0
08e0
08e1
0080
00a2
08e4
00c3
00c4
00c4
00e4
00c4
08c3
0883
0041
0000
0000
0000
0000
0000
0000
0000
0000
0000
0000
0000
0000
0000
0000
0000
0000
0000
0000
0000
0000
0000
0000
0000
0040
0020
0000
0801
0001
0063
4536
2df8
1e9a
16bb
167a
0e7a
0efc
269a
4d55
00c1
10e0
18e0
10e0
08c0
1901
1921
1100
10a0
1800
99c8
c908
e8c9
f068
f888
f088
e0a8
d109
a928
2000
0800
0000
0000
1000
1820
2000
2000
2000
2000
2000
1821
1020
0840
10c1
10e1
08e0
0900
0900
1120
08e0
08e1
0040
08c2
08c3
00c3
00c4
00c4
00c4
08e4
08c3
0062
0000
0000
0000
0000
0000
0000
0000
0000
0000
0000
0000
0000
0000
0000
0000
0000
0000
0000
0000
0000
0000
0000
0000
0000
0020
0020
0000
0800
0801
0022
2c52
3e79
1e9a
16bb
1e9b
169b
0efd
1e9a
4db6
00e1
1120
10e0
0920
1120
1100
10e0
10e0
18c0
2800
8947
c909
e8a8
e847
f888
f068
e067
d0e8
a928
2000
0800
0000
0000
1000
1820
2000
2000
2000
2000
2000
1821
1020
0840
10c1
10e1
08e0
0900
08e0
1120
08e0
08e1
0040
08c2
08c3
00c4
00c4
00c4
00c4
08e4
08c3
0062
0000
0000
0000
0000
0000
0000
0000
0000
0000
0000
0000
0000
0000
0000
0000
0000
0000
0000
0000
0000
0000
0000
0800
0000
0020
0020
0000
0800
0800
0022
1bf0
3659
1ebb
16bb
269c
1e9c
0efd
1e7a
55d7
00e1
0920
0900
0920
0940
1100
10e0
10e0
20a1
2800
9148
c909
e8a8
f068
f888
f068
e087
d0e8
a908
2000
0800
0000
0800
1000
1800
2000
2000
2000
2000
2000
1821
1020
0840
10c1
1101
08e0
0900
0900
1100
08e0
08e1
0060
08c2
00c3
00c4
00e4
00e4
00e4
08e4
08c3
0062
0000
0000
0000
0000
0000
0000
0000
0000
0000
0000
0000
0000
0000
0000
0000
0000
0000
0000
0000
0000
0000
0000
0800
0800
0020
0020
0000
0800
0800
0042
13ef
2e59
26db
169b
269c
1e9b
16dd
1e5a
55f9
00c3
0101
0920
0120
0140
0901
10e1
10e1
20a1
3000
9128
d129
e8a8
f068
f888
f088
e087
d0e8
a107
2000
0800
0000
0800
1000
1800
2000
2000
2000
2000
2000
1821
1020
0840
10c1
1101
08e0
0900
0900
1100
08e0
10e1
0040
08c2
00c3
00c4
00e5
00e5
00e4
00e4
08c3
0082
0020
0000
0000
0000
0000
0000
0000
0000
0000
0000
0000
0000
0000
0000
0000
0000
0000
0000
0000
0000
0000
0000
0800
0800
0000
0020
0000
0800
0000
0062
24d2
2679
1ebb
169b
26bb
1e9b
16dc
1e5b
5dd9
00c4
00e2
0900
0120
0121
08e1
10e1
10e1
2081
3800
9928
d109
e8a8
f068
f888
f088
e0a8
d109
a107
2000
0800
0000
0800
1000
1800
2000
2000
2000
2000
2000
1821
1020
0840
10c1
1101
0900
1100
0900
1100
08e0
10e1
0060
08a2
00c3
00c4
00e5
00e5
00e4
00e4
08c3
0882
0020
0000
0000
0000
0000
0000
0000
0000
0000
0000
0000
0000
0000
0000
0000
0000
0000
0000
0000
0000
0000
0000
1000
0800
0000
0020
0000
0020
0000
0062
35d6
1e99
16bb
16db
1eba
1eba
16dc
267b
5578
00c4
00e2
08e1
0101
0101
08e1
08e1
10e1
2080
3800
a928
d0e9
e8a8
f068
f888
f0a8
e0c8
d129
a127
2000
0000
0000
0800
1000
1800
2000
2000
2000
2000
2000
1821
1020
0840
10c1
1101
0900
1100
1100
1100
08e0
10e1
0060
00a2
00c3
00c4
00e4
00e5
00e4
00c4
08c3
08a2
0040
0000
0000
0000
0000
0000
0000
0000
0000
0000
0000
0000
0000
0000
0000
0000
0000
0000
0000
0000
0020
0000
1000
1000
0000
0000
0000
0020
0000
00c3
3e57
1699
169b
1efc
16b9
1efa
0eba
2e9b
44d5
00c4
08e2
08e0
0900
0901
08e1
0901
0900
20a0
4000
b169
d0e8
e8a8
f068
f888
f088
e0c8
d129
9907
2000
0000
0000
0800
1000
1800
2000
2000
2000
2000
2000
1821
1020
0840
10c1
10e1
0900
1120
1100
10e0
08c0
1101
0060
00a2
00c3
00e4
00c4
00e5
00e4
00c4
08c3
08a2
0041
0000
0000
0000
0000
0000
0000
0000
0000
0000
0000
0000
0000
0000
0000
0000
0000
0000
0000
0000
0020
0000
1001
1000
0000
0000
0000
0000
0020
0248
3678
16d9
16bb
16db
0ed9
1739
0eb9
369a
2bf0
00c2
1101
10e0
1100
0900
0900
0900
0920
20a0
4000
b989
d8e8
f0a8
f068
f888
f088
e0c8
c929
90e6
1800
0000
0000
0000
1000
1820
2000
2000
2000
2000
2000
1821
1020
0840
10a1
10e1
0900
1120
1100
10e0
08c0
1101
0060
00a2
00a3
08e4
00c4
00e4
00e4
00c3
00c3
08c3
0061
0000
0000
0000
0000
0000
0000
0000
0000
0000
0000
0000
0000
0000
0000
0000
0000
0000
0000
0000
0020
0000
0800
0800
0000
0000
0000
0020
00a2
23ee
3698
1f1b
16dc
0e9a
0ef9
173a
0e98
3e99
1b6d
00c1
1121
1100
1120
0900
0900
0900
0920
20a0
5000
c18a
d8e9
f0c9
f068
f088
e888
d8c8
c909
90c6
1800
0000
0000
0000
0800
1820
2000
2000
2000
2800
2000
2000
1820
1020
0880
1101
1101
08e0
1100
10e0
1101
1102
08a1
0061
0082
08e4
08c4
08e4
08e4
08c4
08e3
08c3
00a2
0041
0000
0020
0001
0000
0000
0000
0000
0000
0000
0020
0000
0020
0020
0020
0020
0020
0000
0841
0020
0020
0020
0020
0000
0020
0020
0082
0103
4e17
36b9
1edb
16db
0efc
06b9
16fa
26b9
4658
0164
0123
00e0
1140
0900
1140
00e0
0920
10e0
2881
6803
c94a
d8e9
e8c8
f8c9
f089
e8a9
d8c9
c96b
7024
2000
0800
0000
0000
0800
1020
2000
2000
2000
2800
2000
2000
1800
1020
0860
10e1
1101
08e0
1100
10e0
1101
1101
08c1
0081
0081
08e3
08c3
08c4
08c4
00c3
00c3
08e3
00c2
0082
0000
0000
0000
0000
0000
0000
0000
0000
0000
0020
0000
0000
0000
0000
0020
0000
0821
0000
0020
00a1
0040
0020
0000
0000
0041
0082
2450
3657
1eb9
16fb
171c
06ba
06da
275b
2e37
3d74
0102
00e1
0941
0900
1100
1120
0920
08e0
1901
2800
8845
d10a
e0e9
e8a8
f0a9
f089
e8a9
d8e9
c16a
6003
1800
0800
0000
0000
0800
1020
1820
2000
2000
2800
2000
2000
1800
1020
0860
10c1
0901
08e1
1100
08e0
08e0
1101
08e1
00a1
0082
00a2
08c3
08c3
08c4
00c3
00c3
08e3
00c3
08a2
0000
0800
0800
0800
0800
0000
0000
0000
0000
0000
0000
0000
0800
0800
0800
0800
0000
0861
0000
0000
0820
0000
0800
1062
0021
0186
5698
1e97
0ef9
071a
173b
06ba
06da
271a
3e37
1bad
00e2
00c1
1141
08e0
18e0
10e0
1121
00c0
1901
2800
a0e8
d90a
e0e9
e088
f0a9
f089
e889
d90a
b149
4801
1000
0000
0000
0000
0800
1000
1800
2000
2000
2800
2000
2000
1800
1000
0840
08a0
10e1
0901
1100
0900
08e0
0901
0901
08c1
00a1
00a2
08c3
08c3
00c4
00a3
00c3
08c3
08e4
08c3
0842
0821
0000
0000
0000
0000
0000
0000
0000
0000
0000
0000
0800
0800
0800
0800
0000
0000
0000
0800
0800
0800
0801
0021
0124
3491
3eb8
16f8
0f3a
06f9
0f1b
171b
171a
26b8
4df6
0185
0143
0901
08e0
10e0
20c0
18c0
1121
08c0
18c1
3800
b949
e0ea
e8c9
e868
f089
f089
e889
e12b
a128
3000
0800
0000
0000
0000
0000
1000
1800
2000
2000
2000
2000
2000
1820
1000
0820
0880
08c1
1101
1120
0900
08e0
0900
1101
08e1
00a1
0081
08c3
08e3
08c3
00c3
00c3
00c4
00e4
00c3
08c3
0081
0040
0020
0000
0000
0000
0000
0800
0800
0800
0000
0000
0000
0000
0000
0000
0800
0800
1021
1000
0800
0042
00c3
1c70
4719
1ed8
1f5a
173a
06d9
0f1a
173b
1f19
3eb8
340f
0081
0943
0901
08c0
18e0
20c0
20a0
10e0
10e1
1840
5883
c94a
e8ea
e8a9
e888
f089
f089
e889
d94b
80e6
2000
0000
0020
0000
0000
0000
0800
1800
2000
2000
2000
2000
2000
1820
1020
0820
0860
10a0
1101
1100
0900
08e0
0900
0901
0901
00c1
00a1
00c2
00c3
08e4
00c3
00c3
00c4
00c4
00c3
08e3
00c2
0081
0040
0020
0020
0000
0000
0800
0800
0800
0000
0000
0020
0020
0020
0000
1020
0800
0000
0000
0021
0165
2c91
4719
1ef8
1739
175a
0ef9
0ef9
175b
1f1a
2ed8
4e57
0185
00a2
08c1
08e0
08e0
18e0
20a0
20a0
10c0
20e1
2020
8147
d92a
f0ca
e8a9
f0a9
f069
f089
e8ca
c94a
6064
1000
0000
0020
0020
0000
0000
0800
1820
1800
2000
2000
2000
2000
2020
1820
0820
0840
1080
10e1
1100
0900
0900
0900
0900
0901
00e1
00a1
0081
00c2
08e3
00c4
00c4
00c4
00e4
00c4
08c3
08c3
00c2
00a2
0081
0040
0000
0000
0800
0800
0800
0000
0000
0000
0020
0020
0060
0000
0000
0041
0082
0228
2533
3f1a
377a
06b7
175a
0f3a
06f9
173a
1f3b
2ed9
3656
1c0d
0061
18e3
08a0
08e0
1100
10e0
18c0
18a0
10e0
20a1
4001
b1aa
e0ea
f0aa
e889
f8ca
f869
f089
e10a
b149
3801
0800
0000
0020
0020
0000
0000
0800
1820
1800
1800
2000
2000
2000
2020
1820
1000
0820
1080
18e1
1100
0900
0900
0900
0900
0901
08e1
00c1
0060
00a2
00c3
08c3
00c4
08e4
08e4
08c4
10a3
10c3
0104
0123
0103
00c2
0082
0061
0021
0021
0021
0021
0021
0020
0020
0040
0060
00a1
0061
0144
240f
4e57
3ef9
26f9
16f9
1f9b
0f3a
0f7b
0f5a
1f5b
1eb9
3eb9
45d4
0142
00c2
2102
08c0
1141
08e0
08e0
1100
10a0
1901
2040
5802
d1cb
e8ca
f88a
e889
f90a
f869
e889
d92a
a149
2000
0000
0020
0020
0000
0000
0000
0000
1000
1821
2000
1800
2000
2000
2000
1820
1020
1020
1040
1080
08c0
1100
1100
0900
0900
0901
0901
08e1
00a1
0080
0081
00c3
08e4
08e4
00c4
08a4
1063
10c4
00c3
0184
036b
2cf1
3d52
2c90
0207
0164
00e3
00a2
0081
0061
0041
0081
00c1
0267
1cf0
3ed7
473a
36d9
36b9
36fb
1f1b
0f3b
0f9b
075a
0ef9
275a
2eb9
4657
01e5
0143
10e1
10a0
10e0
0900
0900
0900
0900
08a0
2102
2000
b1eb
d92a
e869
f8aa
e889
f0ca
f8ca
e8c9
c16a
70a5
1000
0840
0000
0020
0000
0000
0000
0000
0800
1800
1801
1800
2000
2000
2000
1800
1820
1020
1020
1060
10e0
1100
10e0
08e0
08e0
1101
0901
08e1
08e1
00a1
0081
00a2
08c3
08c3
00c3
08a4
2105
0083
01a5
2cf1
4718
3f58
3738
3f18
579b
46b8
2db4
24f2
2490
2c70
44b2
5534
6eb9
4ef8
2f38
1738
1739
1f3a
2eda
2eba
1efb
1f5b
073a
075a
279b
2ed9
4658
032c
0102
00e1
10c1
18e0
1100
0920
0900
0900
0921
10e0
1000
60e5
c14a
e0ea
f8aa
f889
f0ca
e8c9
f8ca
d8c9
b18a
4001
0800
0000
0000
0000
0000
0000
0000
0000
0800
1000
1800
1800
2001
2000
2000
2000
1820
1820
1020
1020
10e0
10e0
10e0
08e0
10e0
1100
1100
08e0
1101
08c1
0080
00a1
00a2
00c3
08c3
00c4
00a3
0124
140e
4718
3ffb
1ff9
1ffa
1fda
1f99
2759
2759
2f59
3719
36d8
4698
4ed9
36d8
2f59
1f79
1779
0f9a
1fdc
279c
2f5c
26fb
1f1a
1fbb
1f79
1696
46d8
134c
0103
00c1
08e1
1101
1100
0900
0900
0900
0900
1121
1060
2800
a1ca
d109
f0aa
f8aa
f889
f0ca
e8ca
e0c9
d14a
8107
2000
0800
0000
0000
0000
0020
0000
0000
0000
0800
1000
1800
1800
2021
2000
2000
2000
2020
1820
1800
1000
10a0
08c0
10e0
10e0
10e0
10e0
10e0
08e0
10e1
08c1
00a0
00a1
00a1
00a2
08c3
08e3
00a3
01c6
4e76
3758
17d9
07f8
07fa
07b9
0fb9
1799
179a
1fda
1fba
1f79
2f39
2f39
1f18
1f79
17ba
0f7a
0779
077a
175a
171a
273a
2f5b
1eb7
26b7
5f7a
034a
00a2
08e3
1102
1901
1100
0900
08e0
08e0
1100
1101
18a1
1800
7927
b98a
e10a
f8aa
f889
f8a9
e8a9
e90a
d0e9
c1ab
4801
1800
0000
0020
0000
0000
0020
0000
0000
0000
0800
0800
1000
1800
2000
2000
2000
2000
2020
2020
1800
1000
0840
0880
10c1
1101
10e1
10e0
10e0
1101
08e0
08e1
08e1
08c1
0081
0081
00a1
00c2
0924
0164
66f8
3737
27f9
0ff9
0ffa
17da
27db
1f9a
0f79
0779
0779
0f79
1779
177a
1f7a
175a
0f59
077a
0f9b
17bb
1f9b
277a
1f19
3719
46d8
5697
02c8
0122
00e2
10e2
1101
1100
08e0
08e0
0900
1100
1901
20e1
1800
5063
b9cb
c8ea
f12b
f8aa
f089
f8ca
f0a9
e12b
c96a
9148
2000
1000
0000
0020
0000
0000
0020
0000
0000
0000
0000
0800
1000
1800
1800
2000
2000
2000
2000
2000
2000
1820
0000
0060
10a1
10e1
10e1
10c0
10e0
1101
10e0
1101
1101
08e1
00a0
0080
0081
0081
00c3
0124
5656
3f58
27f9
0fd8
0fd9
17ba
1f7a
177a
0f9a
0fba
0ffb
0ffb
0fdb
179a
1f9b
1f7b
17bb
17bb
0f9a
0f5a
1739
2719
3718
4ef8
4dd4
01a4
00e1
0901
08c0
1101
10e0
08e0
0900
0900
1100
18e0
10c0
2060
3000
9989
c92b
e90b
f0eb
f0a9
f0c9
f0e9
f0ca
e10a
b9cb
5823
1800
0800
0000
0000
0000
0000
0020
0000
0000
0000
0800
0800
1000
1800
1800
2000
2000
2000
2000
2000
2000
1820
0820
0040
0860
10a1
10e1
10c0
10c0
10e0
10e0
1101
1101
10e1
08c1
08c1
08a1
0060
0841
0144
2c8f
3f37
1fd8
07d8
17fa
0fb9
1fdb
17bb
079a
0799
0799
07b9
079a
0f7a
1f3a
1f5b
179b
0f7a
0779
177a
2f5a
4719
4e36
2c2e
00a0
00c0
0921
1121
1120
00a0
0920
0920
0920
0920
18e0
18c0
1880
2820
70c6
c9cc
d88a
f8ec
f0aa
f0ea
e8c9
f0e9
f0aa
d92a
9127
2800
1800
0800
0000
0000
0000
0020
0000
0000
0000
0000
0000
0000
0800
1000
1800
2000
2000
2000
2000
2000
2000
2020
1841
0820
0820
0860
10c1
10c1
10c0
10c0
10e0
1100
08e0
08e0
0901
1122
10e1
0880
0820
0040
0122
4634
3757
2797
2ff9
1f78
1738
1759
0f99
0fba
07b9
07b9
0f99
1779
275a
2f5a
2739
1f18
2759
3759
3655
24d0
01a5
00a1
0923
1122
08c0
08e0
1100
1100
0100
0120
0920
10e0
18a0
2880
3881
5042
b9eb
c90a
e8ab
f8cb
f0aa
f92b
e068
f12a
d8c9
c98b
5023
1800
1000
0800
0000
0000
0020
0020
0000
0000
0000
0000
0000
0000
0000
0000
1000
1800
1800
2800
2800
2000
2000
2820
2841
1800
1000
1020
1080
10c1
10c1
10c0
0900
0921
0120
00e0
0100
1121
1901
10a0
18c1
08a0
0080
0141
0b8a
4634
5758
4758
3f78
3799
2f99
2799
1f79
1f78
1f78
2f59
36f8
46f8
4f19
56d8
3db3
13cb
01e4
00c0
0101
0901
1121
1101
10c0
10c0
10c0
10e0
0900
0921
0900
18e0
2860
3800
6822
b989
d9ac
d8c9
e8ea
f92c
e8ea
e8ca
f8eb
e0ea
c20c
68a5
2800
1800
0800
0000
0000
0020
0020
0020
0000
0000
0000
0000
0000
0000
0000
0000
0800
1800
1800
2000
2800
2800
2000
2800
2800
3000
3001
2800
2000
1820
1881
18e1
00e0
0100
0140
0161
0920
08c0
10c0
18c0
10a0
18e0
1121
0942
0101
0121
0225
0349
2d31
35b2
3e35
46b7
4ed7
46d7
46b7
4676
45d4
2cb0
0b4a
01e5
0101
00c0
00e0
1142
1121
1100
08c0
08c0
10e0
1901
1901
1101
0100
00e0
1942
20c1
2800
6022
b949
e16b
e0a9
f12b
e8ea
e0a9
f10b
e90b
e8a9
d94b
8148
3843
1800
1000
0800
0000
0000
0020
0020
0020
0000
0000
0000
0000
0000
0000
0000
0000
0000
1000
1800
2000
2800
2800
2800
3000
4802
78c8
a9ab
994a
7065
4001
2021
18a1
1121
0100
0100
0100
0900
10e0
18c0
20e0
1920
08c0
00a0
0901
0901
00a0
00a1
0102
0060
00a1
00e2
0103
0103
00e2
00c2
00a1
0061
0061
00a2
08e2
1103
10e1
10c1
08c0
1100
0900
0900
0920
0920
0920
08e0
00e0
0161
0141
08a0
2000
5883
a948
d96b
e90b
f0aa
f8eb
f0aa
f0aa
f12c
e8ea
d8a9
d16b
5003
2000
1000
0800
0000
0000
0020
0020
0000
0000
0000
0000
0000
0000
0000
0000
0000
0000
0000
0800
1000
1800
2000
2000
2800
5044
b1ed
ca0f
e230
e230
d20f
a9ab
60a5
2000
18a1
10e1
0900
00e0
08e0
1920
2100
18c0
1100
0900
1100
10e0
10e1
1902
2102
18c2
20e3
20e3
18c2
10a2
10a2
10c2
10e2
1103
2124
18e3
18a2
1081
1080
1080
10c0
1100
08e0
0900
0940
0940
0140
0100
0100
0120
0121
08e0
1800
5062
a9a9
d1cb
d8e9
e8a9
f8eb
f88a
f8aa
f8ca
e0ca
e14b
d12a
9086
3000
1000
1000
0800
0000
0000
0020
0000
0000
0000
0000
0000
0000
0000
0000
0000
0000
0000
0000
0000
0800
1000
2000
2000
3801
918a
e272
e9f1
e190
e1b0
f211
f251
c18c
80a7
3001
2060
18c1
1121
1100
10e0
08e0
1100
08c0
1920
1920
08c0
00a0
08e0
1100
08c0
08e0
08e0
08e1
08e1
08e1
0901
08e1
0901
0101
0901
0901
1101
1901
1900
1900
1100
1120
0900
0100
0120
0120
0120
0120
1141
1060
2800
70a4
b1aa
c96a
d92a
e94b
e8ea
e8ea
f0eb
f8eb
e8aa
d8a9
d18b
9908
3800
2000
0800
0800
0800
0000
0000
0020
0000
0000
0000
0000
0000
0000
0000
0000
0000
0000
0000
0020
0000
0000
0800
2000
2800
4843
c2af
d9b0
f9b2
f9b2
f191
f170
f190
e9cf
da0f
88c7
4822
1800
18a0
1901
08e0
00e0
1120
1940
10e0
08c0
08e0
1141
1141
1120
08e0
1141
1141
0941
0941
0920
0920
0900
0100
0120
0141
0941
0920
1100
1100
10e0
08c0
1120
08e0
00c0
0900
1120
08e0
00c0
1060
4842
80a5
c16a
e1ac
e92b
e8ea
e92b
e92b
e90b
f12b
e8ca
e90b
e1ac
a108
4801
2000
1000
0800
0800
0000
0000
0000
0020
0000
0000
0000
0000
0000
0000
0000
0800
0800
0000
0000
0040
0020
0020
0000
1800
2800
4843
caf0
ea11
f992
f971
f971
f9b1
f9d1
f1b0
e98f
e1ce
a109
6064
3061
18c1
08e0
08e0
1100
1120
0900
0920
1141
1100
08a0
08c0
1920
08e0
08c0
08c0
08e0
0900
0920
0940
0940
0120
0120
0120
0100
08e0
1120
1920
1920
10e0
10c0
18c0
20e0
20a0
2080
2881
4862
a8e7
e18c
e94b
e0ca
f94c
f92c
e0aa
e8eb
f12c
e90b
e10a
d98c
b18a
5002
1800
1020
0800
0000
0000
0000
0000
0000
0020
0000
0000
0000
0020
0000
0000
0000
0800
0800
0000
0000
0040
0020
0040
0000
1000
2000
4022
ba8f
e9f0
f971
f971
f991
f991
f990
f990
f9d0
f1af
f250
c22e
70e6
3001
2041
20a1
10a1
1101
0900
08e0
08e0
1100
10e0
1100
1920
1100
1100
1100
1120
1140
1120
0900
0100
0900
0920
1120
0900
0900
0900
08e0
08c0
10e0
18c0
28a1
3040
3000
4801
78e6
b9cb
e98c
f0eb
f10b
f10b
e8ca
f0eb
f90c
f0aa
e8ca
e10b
d9ad
b16a
5802
2000
0800
0000
0020
0000
0000
0020
0000
0000
0000
0000
0000
0000
0000
0000
0000
0000
0800
0800
0000
0000
0020
0040
0020
0000
1021
1800
3801
99ab
e1ef
f9d1
f9d1
f970
f970
f990
f970
f990
f1d0
d98e
d9cf
da50
b9cd
78a7
3802
2001
18a1
10c1
10e1
10e1
08c0
08e0
1100
1100
0900
0900
0900
0900
1100
1100
1100
10e0
18c0
18a0
10a0
10e0
0900
0920
0120
0100
10e1
1880
2800
4801
8065
b92a
e16c
f12c
f92c
f0eb
e10b
e92b
e92b
f0eb
f8ab
f8cc
f06a
e94c
b14a
5823
1800
1000
0820
0000
0000
0000
0000
0000
0000
0000
0000
0000
0000
0000
0000
0000
0000
0000
0800
0800
0000
0000
0020
0060
0020
0000
0800
1000
2000
5804
d22f
e18e
e9cf
f9f0
f98f
f970
f990
f94f
f190
f1d1
f1b0
e98f
e1af
d9ef
b1ad
8149
3801
2821
2041
2061
18a1
10c1
10c0
08c0
0900
0900
0900
08e0
08c0
10c0
10c0
18a0
20e1
20c1
20c1
18a0
10a0
10a0
18a1
20a1
1800
4883
7927
a9aa
d1ac
f18d
f90d
f88b
f08a
f92c
f16c
e12b
e90b
f92c
f8cc
e86a
f98d
b8e9
6024
2000
0000
0000
0000
0020
0000
0000
0000
0000
0000
0000
0000
0000
0000
0000
0000
0000
0000
0000
0000
0000
0000
0000
0020
0040
0040
0000
0800
1000
1800
2800
5803
b9ec
ea90
e9ae
f16e
f990
f970
f970
f930
f930
f90f
f12f
f1b0
f1f1
e9d0
d9af
ca2e
a18b
70a6
4802
3001
2001
1881
10c1
08e1
08e1
08e1
08c0
10c1
18c1
20c1
20e1
08c0
10c1
1881
2040
2800
3801
5002
6003
a169
c1ab
d1cd
d98c
e12c
e90c
f10c
f10c
f92c
e8cb
e8eb
f94d
f92c
e8ab
e0cb
e18d
a909
6003
1800
0000
0020
0020
0000
0020
0000
0000
0000
0000
0000
0000
0000
0000
0000
0000
0000
0000
0000
0000
0000
0000
0000
0000
0000
0020
0000
0000
0000
1000
1001
1800
2800
4801
a169
e290
e1ef
e96e
f990
f950
f931
f910
f951
f971
f971
f14f
f930
f990
e9af
e1ce
d1ee
c1ed
a9cb
8949
60c5
4063
2801
2800
2000
2000
2000
2800
3000
2801
2000
2841
4063
60c5
8907
a96a
c9cc
e1ee
e9ad
e98d
e94d
e90c
e8ec
f10d
f12d
f10c
f12c
f10c
f0eb
e8eb
f12c
e16c
c14b
9929
3801
1800
0000
0020
0040
0060
0020
0000
0000
0000
0000
0000
0000
0000
0000
0000
0000
0000
0000
0000
0000
0000
0000
0000
0000
0000
0020
0000
0000
0000
0000
0000
0800
0800
1800
2000
2800
68c6
c26f
ea51
f14f
f950
f910
f971
f991
f950
f92f
f950
f950
f94f
f94f
f94f
f96f
f18f
e98e
e18e
d9ad
d1cd
d1cd
c9cc
c1ac
b9ab
b18b
b18b
b18b
b18b
c20d
c9ec
c9ac
d18c
e18c
e96d
f14d
f12d
e8ec
f0ec
f10c
f92d
f94d
f92d
f8ec
e8ab
e90c
e90c
f0ec
f12c
e98d
c16b
70a6
2800
0000
0020
0040
0020
0000
0000
0020
0000
0000
0000
0000
0000
0000
0000
0000
0000
0000
0000
0000
0000
0000
0000
0000
0000
0000
0000
0020
0000
0000
0020
0000
0000
0000
0000
0000
0000
0800
1800
4804
a9ac
ea72
e98f
f990
f950
f12f
f94f
f94f
f94f
f94f
f94f
f94f
f94f
f94f
f94f
f92e
f92e
f94e
f94e
f98e
f98e
f18e
e98e
e98e
e18e
e18e
e18e
f1ae
f18e
f14d
f94d
f92d
f90d
f8ec
f0ac
f92d
f92d
f92d
f90c
f0cc
f0cb
f8cc
f10c
e94c
e14c
e98d
e1cd
a929
5803
1800
0000
0060
0040
0020
0000
0000
0000
0000
0020
0000
0000
0000
0000
0000
0000
0000
0000
0000
0000
0000
0000
0000
0000
0000
0000
0000
0000
0000
0000
0000
0000
0020
0020
0020
0040
0020
0020
0000
0800
1801
3803
70c8
ba2f
da30
e18f
f16f
f9b0
f9b0
f96f
f16e
f9af
f98f
f96f
f16f
f14e
f14e
f14e
f94e
f94e
f12d
f12d
f12d
f14e
f14e
f14e
f14f
f16e
e90d
e90c
f10c
f90d
f92d
f92d
f92d
f92d
f0ec
f10c
f92d
f94d
f90c
f90c
f92c
f94d
d90b
d9cd
b9ab
7886
3801
1800
0800
0000
0000
0000
0000
0820
0821
0000
0000
0000
0000
0000
0000
0000
0000
0000
0000
0000
0000
0000
0000
0000
0000
0000
0000
0000
0000
0000
0000
0820
0000
0000
0000
0020
0020
0020
0060
0020
0000
0000
0000
1000
2802
4003
998c
ca0f
ea31
e9af
e16e
f1af
f1cf
e16d
f1af
f18f
f16e
f16e
f98f
f96f
f94e
f92d
f96e
f94e
f94e
f94e
f92e
f92e
f92e
f12e
f94e
f96e
f94e
f94d
f90d
f8ec
f90d
f90d
f92d
f12c
f12c
e92c
f14c
e94c
e92c
d94c
c9ed
8908
4802
2000
1000
0000
0000
0000
0000
0000
0800
0800
0000
0000
0000
0000
0000
0000
0000
0000
0000
0000
0000
0000
0000
0000
0000
0000
0000
0000
0000
0000
0000
0000
0000
0000
0000
0000
0000
0000
0000
0000
0000
0000
0000
0000
0000
0800
0800
1800
2000
5825
996a
c22e
da2f
d9ce
e1ae
e9ae
f9af
f96e
f96e
f94e
f94e
f94e
f92e
f92d
f92e
f92d
f92d
f92e
f14e
f14e
f14d
f14d
f12d
f12d
f92d
f92d
f90d
f8ed
f8ed
f90d
f0ec
e90c
e92c
e16c
e18d
d18c
c14b
a94a
4002
2001
1000
0800
0000
0000
0000
0000
0000
0000
0000
0000
0000
0000
0000
0000
0000
0000
0000
0000
0000
0000
0000
0000
0000
0000
0000
0000
0000
0000
0000
0000
0000
0000
0000
0000
0000
0000
0000
0000
0000
0000
0000
0000
0000
0000
0000
0000
0000
0800
1000
1800
2800
4802
8908
ba0d
d26f
e22f
e18d
e98e
f16e
f18e
f96e
f96e
f94e
f94e
f94e
f94e
f94e
f94d
f94d
f14d
f14d
f14d
f98e
f96e
f92d
f10d
f10c
f10d
f12d
f16d
f1ae
e9ce
d9ee
c9ed
a98b
88c7
5803
3000
1000
0000
0000
0000
0000
0000
0000
0000
0000
0000
0000
0000
0000
0000
0000
0000
0000
0000
0000
0000
0000
0000
0000
0000
0000
0000
0000
0000
0000
0000
0000
0000
0000
0000
0000
0000
0000
0000
0000
0000
0000
0000
0000
0000
0000
0000
0000
0020
0020
0000
0000
0800
2021
2000
2000
3801
6085
916a
ca2e
da0e
e20e
e1ce
e1ad
e18d
e96d
f16e
f16e
f96e
f94e
f94e
f94e
f94e
f94d
f94d
f12d
f12d
f14d
e94d
e96d
e16d
d16c
c16b
c1ed
a18a
7907
5884
3822
2000
0800
0800
0000
0000
0000
0000
0000
0000
0000
0000
0000
0000
0000
0000
0000
0000
0000
0000
0000
0000
0000
0000
0000
0000
0000
0000
0000
0000
0000
0000
0000
0000
0000
0000
0000
0000
0000
0000
0000
0000
0000
0000
0000
0000
0000
0000
0000
0000
0000
0020
0020
0020
0061
0020
0000
0800
1000
1800
1800
2000
4001
6003
80c7
a18b
b9ed
ca0e
d20e
da0e
d9ce
d9ce
e1ae
e1ae
e18d
e18d
e18d
e1ad
d9ad
d1ad
d1ad
d1cd
c9ed
c1cc
a98b
9969
5824
4002
2800
1000
0800
0000
0020
0020
0000
0000
0000
0000
0000
0000
0000
0000
0000
0000
0000
0000
0000
0000
0000
0000
0000
0000
0000
0000
0000
0000
0000
0000
0000
0000
0000
0000
0000
0000
0000
0000
0000
0000
0000
0000
0000
0000
0000
0000
0000
0000
0000
0000
0000
0000
0000
0020
0020
0020
0020
0020
0020
0020
0000
0000
0000
0800
1801
1801
1800
2000
2801
4023
58a5
7107
898a
916a
916a
996a
994a
994a
994a
996a
91aa
7968
68c6
5844
4802
3801
2800
2000
1800
1800
1000
0800
0000
0020
0020
0000
0000
0000
0000
0000
0000
0000
0000
0000
0000
0000
0000
0000
0000
0000
0000
0000
0000
0000
0000
0000
0000
0000
0000
0000
0000
0000
0000
0000
0000
0000
0000
0000
0000
0000
0000
0000
0000
0000
0000
0000
0000
0000
0000
0000
0000
0000
0020
0020
0020
0020
0060
0040
0020
0020
0020
0020
0000
0000
0000
0000
0000
0000
0800
0800
1000
1000
1800
2000
2000
2800
2800
2800
2800
2000
1800
1000
1000
1000
1000
1000
1000
1000
1000
0800
0000
0000
0000
0000
0020
0020
0000
0000
0000
0000
0000
0000
0000
0000
0000
0000
0000
0000
0000
0000
0000
0000
0000
0000
0000
0000
0000
0000
0000
0000
0000
0000
0000
0000
0000
0000
0000
0000
0000
0000
0000
0000
0000
0000
0000
0000
0000
0000
0000
0000
0000
0000
0000
0000
0000
0000
0000
0000
0020
0000
0000
0000
0000
0020
0061
0061
0040
0020
0000
0000
0000
0800
0800
0800
0800
0800
0800
0800
0800
0800
0000
0000
0000
0800
0800
0000
0000
0000
0000
0000
0000
0800
0820
0800
0000
0000
0000
0000
0000
0000
0000
0000
0000
0000
0000
0000
0000
0000
0000
0000
0000
0000
0000
0000
0000
0000
0000
0000
0000
0000
0000
0000
0000
0000
0000
0000
0000
0000
0000
0000
0000
0000
0000
0000
0000
0000
0000
0000
0000
0000
0000
0000
0000
0000
0000
0000
0000
0000
0000
0000
0000
0000
0000
0000
0000
0000
0000
0000
0000
0000
0000
0000
0000
0000
0000
0000
0000
0000
0000
0000
0000
0000
0000
0000
0000
0000
0000
0020
0020
0000
0000
0000
0000
0000
0800
0800
0000
0000
0000
0000
0000
0000
0000
0000
0000
0000
0000
0000
0000
0000
0000
0000
0000
0000
0000
0000
0000
0000
0000
0000
0000
0000
0000
0000
0000
0000
0000
0000
0000
0000
0000
0000
0000
0000
0000
0000
0000
0000
0000
0000
0000
0000
0000
0000
0000
0000
0800
0800
0800
0800
0800
0800
0800
0000
0000
0000
0800
0800
0800
0800
0000
0821
0800
0000
0841
0000
0000
0000
0000
0020
0000
0800
0800
0000
0000
0000
0000
0000
0000
0000
0000
0000
0000
0000
0000
0000
0000
0000
0000
0000
0000
0000
0000
0000
0000
0000
0000
0000
0000
0000
0000
0000
0000
0000
0000
0000
0000
0000
0000
0000
0000
0000
0000
0000
0000
0000
0000
0000
0000
0000
0000
0000
0000
0000
0000
0000
0000
0000
0000
0000
0000
0000
0000
0000
0000
0000
0800
0800
0000
0000
0000
0000
0000
0000
0800
0800
0000
0000
0000
0000
1061
736d
738e
0841
0000
0000
1904
1944
0020
0000
0800
20c3
20c3
0820
0000
0000
0000
0000
0000
0000
0000
0000
0000
0000
0000
0000
0000
0000
0000
0000
0000
0000
0000
0000
0000
0000
0000
0000
0000
0000
0000
0000
0000
0000
0000
0000
0000
0000
0000
0000
0000
0000
0000
0000
0000
0000
0000
0000
0000
0000
0000
0000
0000
0000
0000
0000
0000
0000
0000
0000
0000
0000
0000
0000
0000
0000
0000
0000
0000
0000
0000
0000
0020
0020
0020
0040
0020
0020
0041
0020
4aaa
ffff
ffff
4248
08a2
08a2
3207
31e7
0040
0040
10a2
39c7
39c7
10a2
0000
0000
0020
0000
0000
0000
0000
0000
0000
0000
0000
0000
0000
0000
0000
0000
0000
0000
0000
0000
0000
0000
0000
0000
0000
0000
0000
0000
0000
0000
0000
0000
0000
0000
0000
0000
0000
0000
0000
0000
0000
0000
0000
0000
0000
0000
0000
0000
0000
0000
0000
0000
0000
0000
0000
0000
0000
0000
0000
0000
0000
0000
0000
0000
0000
0020
0020
0020
0020
0020
0020
0040
0020
0020
0060
0020
31e7
ceba
d71b
2165
0000
0020
31c7
39e7
0881
0000
1082
3186
31a6
0882
0000
0000
0020
0000
0000
0000
0000
0000
0000
0000
0000
0000
0000
0000
0000
0000
0000
0000
0000
0000
0000
0000
0000
0000
0000
0000
0000
0000
0000
0000
0000
0000
0000
0000
0000
0000
0000
0000
0000
0000
0000
0000
0000
0000
0000
0000
0000
0000
0000
0000
0000
0000
0000
0000
0000
0000
0000
0000
0000
0000
0000
0000
0000
0000
0020
0020
0020
0020
0020
0020
0060
0020
0020
0020
0040
0000
0000
2145
2104
0000
0000
0841
0000
0000
0821
0000
0000
0862
0862
0000
0000
0000
0000
0020
0000
0000
0000
0000
0000
0000
0000
0000
0000
0000
0000
0000
0000
0000
0000
0000
0000
0000
0000
0000
0000
0000
0000
0000
0000
0000
0000
0000
0000
0000
0000
0000
0000
0000
