0
0
0
0
0
0
0
0
0
0
0
0
0
0
0
0
0
0
0
0
0
0
0
0
0
0
0
0
0
0
0
0
0
0
0
0
0
0
0
0
0
0
0
0
0
0
0
0
0
0
0
0
0
0
0
0
0
0
0
0
0
0
0
0
0
0
0
0
0
0
0
0
0
0
0
0
0
0
0
0
0
0
0
0
0
0
0
0
0
0
0
0
0
0
0
0
0
0
0
0
0
0
0
0
0
0
0
0
0
0
0
0
0
0
0
0
0
0
0
0
0
0
0
0
0
0
0
0
0
0
0
0
0
0
0
0
0
0
0
0
0
0
0
0
0
0
0
0
0
0
0
0
0
0
0
0
0
0
0
0
0
0
0
0
0
0
0
0
0
0
0
0
0
0
0
0
0
0
0
0
0
0
0
0
0
0
0
0
0
0
0
0
0
0
0
0
0
0
0
0
0
0
0
0
0
0
0
0
0
0
0
0
0
0
0
0
0
0
0
0
0
0
0
0
0
0
0
0
0
0
0
0
0
0
0
0
0
0
0
0
0
0
0
0
0
0
0
0
0
0
0
0
0
0
0
0
0
0
0
0
0
0
0
0
0
0
0
0
0
0
0
0
0
0
0
0
0
0
0
0
0
0
0
0
0
0
0
0
0
0
0
0
0
0
0
0
0
0
0
0
0
0
0
0
0
0
0
0
0
0
0
0
0
0
0
0
0
0
0
0
0
0
0
0
0
0
0
0
0
0
0
0
0
0
0
0
0
0
0
0
0
0
0
0
0
0
0
0
0
0
0
0
0
0
0
0
0
0
0
0
0
0
0
0
0
0
0
0
0
0
0
0
0
0
0
0
0
0
0
0
0
0
0
0
0
0
0
0
0
0
0
0
0
0
0
0
0
0
0
0
0
0
0
0
0
0
0
0
0
0
0
0
0
0
0
0
0
0
0
0
0
0
0
0
0
0
0
0
0
0
0
0
0
0
0
0
0
0
0
0
0
0
0
0
0
0
0
0
0
0
0
0
0
0
0
0
0
0
0
0
0
0
0
0
0
0
0
0
0
0
0
0
0
0
0
0
0
0
0
0
0
0
0
0
0
0
0
0
0
0
0
0
0
0
0
0
0
0
0
0
0
0
0
0
0
0
0
0
0
0
0
0
0
0
0
0
0
0
0
0
0
0
0
0
0
0
0
0
0
0
0
0
0
0
0
0
0
0
0
0
0
0
0
0
0
0
0
0
0
0
0
0
0
0
0
0
0
0
0
0
0
0
0
0
0
0
0
0
0
0
0
0
0
0
0
0
0
0
0
0
0
0
0
0
0
0
0
0
0
0
0
0
0
0
0
0
0
0
0
0
0
0
0
0
0
0
0
0
0
0
0
0
0
0
0
0
0
0
0
0
0
0
0
0
0
0
0
0
0
0
0
0
0
0
0
0
0
0
0
0
0
0
0
0
0
0
0
0
20
1044
1064
0
0
0
0
0
0
0
0
0
0
0
0
0
0
0
0
0
0
0
0
0
0
0
0
0
0
0
0
0
0
0
0
0
0
0
0
0
0
0
0
0
0
0
0
0
0
0
0
0
0
0
0
0
0
0
0
0
0
0
0
0
0
0
0
0
0
0
0
0
0
0
0
0
0
0
0
0
0
0
0
0
0
0
0
0
0
0
0
0
0
0
0
0
0
0
0
0
800
6a7d
7a9e
800
0
0
0
0
0
0
0
0
0
0
0
0
0
0
0
0
0
0
0
0
0
0
0
0
0
0
0
0
0
0
0
0
0
0
0
0
0
0
0
0
0
0
0
0
0
0
0
0
0
0
0
0
0
0
0
0
0
0
0
0
0
0
0
0
0
0
0
0
0
0
0
0
0
0
0
0
0
0
0
0
0
0
0
0
0
0
0
0
0
0
0
0
0
0
0
0
1000
e4db
f55f
1820
820
0
0
0
0
0
0
0
0
0
0
0
0
0
0
0
0
0
0
0
0
0
0
0
0
0
0
0
0
0
0
0
0
0
0
0
0
0
0
0
0
0
0
0
0
0
0
0
0
0
0
0
0
0
0
0
0
0
0
0
0
0
0
0
0
0
0
0
0
0
0
0
0
0
0
0
0
0
0
0
0
0
0
0
0
0
0
0
0
0
0
0
0
0
0
820
2040
5757
781c
2860
820
0
0
0
0
0
0
0
0
0
0
0
0
0
0
0
0
0
0
0
0
0
0
0
0
0
0
0
0
0
0
0
0
0
0
0
0
0
0
0
0
0
0
0
0
0
0
0
0
0
0
0
0
0
0
0
0
0
0
0
0
0
0
0
0
0
0
0
0
0
0
0
0
0
0
0
0
0
0
0
0
0
0
0
0
0
0
0
0
0
0
0
0
0
0
820
30a1
c9d1
fa99
40c2
820
0
0
0
0
0
0
0
0
0
0
0
0
0
0
0
0
0
0
0
0
0
0
0
0
0
0
0
0
0
0
0
0
0
0
0
0
0
0
0
0
0
0
0
0
0
0
0
0
0
0
0
0
0
0
0
0
0
0
0
0
0
0
0
0
0
0
0
0
0
0
0
0
0
0
0
0
0
0
0
0
0
0
0
0
0
0
0
0
0
0
0
0
0
0
800
5947
440a
8533
698a
800
0
0
0
0
0
0
0
0
0
0
0
0
0
0
0
0
0
0
0
0
0
0
0
0
0
0
0
0
0
0
0
0
0
0
0
0
0
0
0
0
0
0
0
0
0
0
0
0
0
0
0
0
0
0
0
0
0
0
0
0
0
0
0
0
0
0
0
0
0
0
0
0
0
0
0
0
0
0
821
1864
821
0
0
0
0
0
0
0
0
0
0
0
0
0
800
8210
ae41
f76a
9a94
0
0
0
0
0
0
0
0
0
0
0
0
0
0
821
1864
821
0
0
0
0
0
0
0
0
0
0
0
0
0
0
0
0
0
0
0
0
0
0
0
0
0
0
0
0
0
0
0
0
0
0
0
0
0
0
0
0
0
0
0
0
0
0
0
0
0
0
0
0
0
0
0
0
0
0
0
0
0
0
821
71cf
514b
0
0
0
0
0
0
0
0
0
0
0
0
0
800
8210
cec5
100d
9a74
0
0
0
0
0
0
0
0
0
0
0
0
0
0
514b
79f0
1042
0
0
0
0
0
0
0
0
0
0
0
0
0
0
0
0
0
0
0
0
0
0
0
0
0
0
0
0
0
0
0
0
0
0
0
0
0
0
0
0
0
0
0
0
0
0
0
0
0
0
0
0
0
0
0
0
0
0
0
0
0
0
0
a2b6
e39f
1863
0
0
0
0
0
0
0
0
0
0
0
0
800
5927
9db5
d6be
698a
800
0
0
0
0
0
0
0
0
0
0
0
0
1862
db7e
aab7
0
0
0
0
0
0
0
0
0
0
0
0
0
0
0
0
0
0
0
0
0
0
0
0
0
0
0
0
0
0
0
0
0
0
0
0
0
0
0
0
0
0
0
0
0
0
0
0
0
0
0
0
0
0
0
0
0
0
0
0
0
0
0
0
79f0
65d1
8a32
0
0
0
0
0
0
0
0
0
0
0
0
820
3060
5403
7cca
40a2
820
0
0
0
0
0
0
0
0
0
0
0
0
8210
6dd1
8211
0
0
0
0
0
0
0
0
0
0
0
0
0
0
0
0
0
0
0
0
0
0
0
0
0
0
0
0
0
0
0
0
0
0
0
0
0
0
0
0
0
0
0
0
0
0
0
0
0
0
0
0
0
0
0
0
0
0
0
0
0
0
0
0
28a4
9698
556f
820
0
0
0
0
0
0
0
0
0
0
0
820
1800
e1ea
a90
2020
820
0
0
0
0
0
0
0
0
0
0
0
820
4d4d
a6da
30c5
0
0
0
0
0
0
0
0
0
0
0
0
0
0
0
0
0
0
0
0
0
0
0
0
0
0
0
0
0
0
0
0
0
0
0
0
0
0
0
0
0
0
0
0
0
0
0
0
0
0
0
0
0
0
0
0
0
0
0
0
0
0
0
0
0
454d
290e
79ce
0
0
0
0
0
0
0
0
0
0
0
801
0
670c
7790
800
820
0
0
0
0
0
0
0
0
0
0
0
69ac
10cb
556e
0
0
0
0
0
0
0
0
0
0
0
0
0
0
0
0
0
0
0
0
0
0
0
0
0
0
0
0
0
0
0
0
0
0
0
0
0
0
0
0
0
0
0
0
0
0
0
0
0
0
0
0
0
0
0
0
0
0
0
0
0
0
0
0
0
0
aab5
8abc
5d8e
0
0
0
0
0
0
0
0
0
0
0
0
0
b386
bba7
0
0
0
0
0
0
0
0
0
0
0
0
0
4d4c
92fe
baf7
0
0
0
0
0
0
0
0
0
0
0
0
0
0
0
0
0
0
0
0
0
0
0
0
0
0
0
0
0
0
0
0
0
0
0
0
0
0
0
0
0
0
0
0
0
0
0
0
0
0
0
0
0
0
0
0
0
0
0
0
0
0
0
0
0
0
28a3
51d4
7a9b
4106
0
0
0
0
0
0
0
1864
2085
821
821
821
20a5
20a5
821
821
820
2085
1863
0
0
0
0
0
0
0
38e5
6a38
6238
30c4
0
0
0
0
0
0
0
0
0
0
0
0
0
0
0
0
0
0
0
0
0
0
0
0
0
0
0
0
0
0
0
0
0
0
0
0
0
0
0
0
0
0
0
0
0
0
0
0
0
0
0
0
0
0
0
0
0
0
0
0
0
0
0
0
0
0
0
9676
4dfa
1c64
0
0
0
0
0
0
0
30e8
a2f8
2084
821
0
1863
1863
0
821
1863
9ad8
38e8
0
0
0
0
0
0
0
421
45d9
a6b9
0
0
0
0
0
0
0
0
0
0
0
0
0
0
0
0
0
0
0
0
0
0
0
0
0
0
0
0
0
0
0
0
0
0
0
0
0
0
0
0
0
0
0
0
0
0
0
0
0
0
0
0
0
0
0
0
0
0
0
0
0
0
0
0
0
0
0
0
b2d5
5e5d
6216
1841
0
0
0
0
0
0
2084
254d
7a31
0
0
30e7
30e8
0
0
7a32
356f
2085
0
0
0
0
0
0
1040
49b3
6e81
c317
0
0
0
0
0
0
0
0
0
0
0
0
0
0
0
0
0
0
0
0
0
0
0
0
0
0
0
0
0
0
0
0
0
0
0
0
0
0
0
0
0
0
0
0
0
0
0
0
0
0
0
0
0
0
0
0
7979
691a
0
0
0
0
0
0
0
0
0
0
2082
b363
9f68
c2f5
0
0
0
0
0
821
0
7edb
354e
0
0
494b
494b
0
0
3570
8f3e
0
821
0
0
0
0
0
aab3
8f05
cbe7
2883
0
0
0
0
0
0
0
0
0
0
3938
5999
0
0
0
0
0
0
0
0
0
0
0
0
0
0
0
0
0
0
0
0
0
0
0
0
0
0
0
0
0
0
0
0
0
0
0
0
0
0
0
0
0
0
0
0
91fa
3eb7
32d0
1809
0
0
0
0
0
0
0
0
0
9eb7
3200
f845
0
0
820
1064
1042
821
0
769a
11b4
1020
0
59af
61af
0
1020
f90f
6657
0
821
1041
1063
820
0
0
e7c1
3200
b71a
0
0
0
0
0
0
0
0
0
27
ab6c
9755
7a1c
0
0
0
0
0
0
0
0
0
0
0
0
0
0
0
0
0
0
0
0
0
0
0
0
0
0
0
0
0
0
0
0
0
0
0
0
0
0
0
0
0
0
0
0
0
bdea
5a11
e45f
c9f5
801
0
0
0
0
0
0
0
aa72
d892
7ee3
698a
0
0
4970
7a7d
2062
0
487
bcb0
8232
0
7212
7212
0
8211
ac4c
466
0
2061
725b
4990
0
0
6148
667e
f116
bad5
0
0
0
0
0
0
0
0
7a94
159d
630e
7e6d
0
0
0
0
0
0
0
0
0
0
0
0
0
0
0
0
0
0
0
0
0
0
0
0
0
0
0
0
0
0
0
0
0
0
0
0
0
0
0
0
0
0
0
0
0
0
38e7
f27b
6214
6541
ac4a
a1a7
0
0
0
0
0
0
1841
cbe6
93f2
7df0
0
0
494b
1de6
9adc
1020
8210
1e5f
6636
0
8a96
8a96
0
6636
2ea3
8a32
1000
92ba
1e08
516d
0
0
658c
8baf
ec6b
2062
0
0
0
0
0
0
6a07
25ad
6724
6313
82fc
38e8
0
0
0
0
0
0
0
0
0
0
0
0
0
0
0
0
0
0
0
0
0
0
0
0
0
0
0
0
0
0
0
0
0
0
0
0
0
0
0
0
0
0
0
0
0
0
0
3c70
b4a0
ddf1
94b1
6614
7bf9
693a
0
0
0
0
0
9653
ccda
4cf
2882
0
2840
6753
985c
48c2
2862
1e40
8ba8
0
aafb
ab1b
0
8365
2ea3
3082
40a1
8819
77b8
2840
0
2861
e44a
d51c
aeb7
0
0
0
0
0
497a
155e
a03b
4eb3
5e8f
f4dd
24f3
0
0
0
0
0
0
0
0
0
0
0
0
0
0
0
0
0
0
0
0
0
0
0
0
0
0
0
0
0
0
0
0
0
0
0
0
0
0
0
0
0
0
0
0
0
0
0
0
822
99a9
9272
92f7
ac73
b649
3dc7
3b49
40af
0
0
0
9a4f
97a
838f
fbdd
0
1000
d15
8dba
cac
0
a40c
a8f8
40c4
c35e
c37f
3083
9094
b46f
0
fc48
8d98
1d78
1000
0
e37a
6b2b
2a1f
aa91
0
0
0
30ef
f4af
b052
c090
35f1
ab91
5a6d
520a
1042
0
0
0
0
0
0
0
0
0
0
0
0
0
0
0
0
0
0
0
0
0
0
0
0
0
0
0
0
0
0
0
0
0
0
0
0
0
0
0
0
0
0
0
0
0
0
0
0
0
db02
9497
16d3
a2fb
c476
cdaf
ae82
d98
fada
805
0
1020
c3a4
5753
6215
800
0
79cd
8d76
24d
1800
e8ac
7cbb
423
cb9f
d380
fc02
6c78
e8ac
1000
f1c8
9dda
820f
0
0
4990
4f33
ec49
1840
0
4
dbe1
a808
f16e
9fb0
2d8d
cbf2
972e
fcf5
d365
0
0
0
0
0
0
0
0
0
0
0
0
0
0
0
0
0
0
0
0
0
0
0
0
0
0
0
0
0
0
0
0
0
0
0
0
0
0
0
0
0
0
0
0
0
0
0
0
0
0
0
383a
b3ad
cc75
cc59
ecf9
ed94
de8b
8eb8
ed6d
dae7
0
6dcd
1e49
11bd
922e
0
2020
7f6d
6488
71ab
1ca7
c5e8
4218
dba0
e3c1
31d5
c5e8
24a7
6949
5c24
97d2
2020
0
81ec
f136
2e8c
8e31
0
c348
b83f
11ea
f130
8f0b
560c
2d6e
2d6d
bc09
bc
0
0
0
0
0
0
0
0
0
0
0
0
0
0
0
0
0
0
0
0
0
0
0
0
0
0
0
0
0
0
0
0
0
0
0
0
0
0
0
0
0
0
0
0
0
0
0
0
0
0
0
0
8a17
640d
50b2
cc58
f556
5b8
15f9
bd2c
3d85
7d9c
8210
40e5
97a
5f96
cf5b
0
800
71cd
d9a7
f46c
79a8
747a
a895
2cc9
24c9
87ce
8cbe
89eb
e44a
e1ea
7a10
800
0
b6d7
4f54
3220
5127
69ae
6620
e0d1
9f65
b769
9f0a
7ecb
3dae
92b
dc6c
8a59
0
0
0
0
0
0
0
0
0
0
0
0
0
0
0
0
0
0
0
0
0
0
0
0
0
0
0
0
0
0
0
0
0
0
0
0
0
0
821
821
0
0
0
0
0
0
0
0
0
0
0
0
0
d6aa
c46a
615
f558
e16
1e76
fdb6
da62
1b96
7e31
0
9afc
c9aa
76c1
48e5
0
800
f48f
2ddd
40a0
b91a
d5e9
c782
c760
bd85
d99f
40a0
259a
fcd2
1000
0
38c3
4e1b
c9aa
bb82
0
4d6e
4ba
f495
af83
d028
bfc9
8eeb
9f2a
ecc5
af0d
0
0
0
0
0
0
0
0
0
0
0
0
0
821
821
0
0
0
0
0
0
0
0
0
0
0
0
0
0
0
0
0
0
0
0
0
0
0
0
2084
71f0
9a75
69ad
1862
0
0
0
0
0
0
0
0
0
0
512d
1b41
8a12
fd98
1676
26d6
2f16
edd1
29b8
8237
e39c
e39b
36ce
608
3ce6
0
0
514b
2dba
69ac
cc6f
99ac
d44c
cc2a
a1cd
ed14
698b
2dbb
596c
0
0
2483
ed83
4732
41f
cb3a
7a9b
c3f4
c81e
906
f8a7
d848
9f2a
72c9
aba1
514f
0
0
0
0
0
0
0
0
0
0
1862
618c
9a75
79f0
2085
0
0
0
0
0
0
0
0
0
0
0
0
0
0
0
0
0
0
0
0
0
0
0
0
1042
618c
f3c1
6dd2
8e56
2cc8
8a31
2061
0
0
0
0
0
0
0
0
753b
c4c5
5837
369b
3736
4796
2714
70d8
b9d1
3108
0
d091
af6
cbc4
1020
0
800
f48e
dbe5
e826
dab6
4ae9
3264
d295
f068
dbc4
4d1
800
0
800
ab3f
2d5
f958
800
886
ab54
a347
1941
31a5
1126
f8cb
298b
d21
55bf
0
0
0
0
0
0
0
0
1841
8a31
24a7
8656
6df2
f3e2
61ad
1042
0
0
0
0
0
0
0
0
0
0
0
0
0
0
0
0
0
0
0
0
0
0
0
0
0
0
28a5
a295
75f3
3970
829b
3150
6dd0
9a51
1840
0
0
0
0
0
2086
c9f4
51e7
f64e
67dc
6039
5856
16d1
d00f
bb01
9630
f866
2b59
93f2
c2f4
0
0
8256
2d77
6dd1
4fdc
b167
a124
481c
6dd1
2555
8a77
0
0
b291
6b4b
337a
18eb
7dad
c3a7
7287
217b
6a83
6267
522b
d040
527f
5a55
2087
0
0
0
0
0
1840
922f
5daf
292f
829c
3971
7e34
aab6
28a5
0
0
0
0
0
0
0
0
0
0
0
0
0
0
0
0
0
0
0
0
0
0
0
0
0
0
0
0
0
0
1841
9252
8655
a320
561c
45fa
8add
75f1
922f
1020
0
0
0
aa3f
945e
fc9d
b67d
5034
911d
68b7
68f4
682b
db9d
41f
1e68
12f1
20e9
0
0
1862
1d34
55b2
32cb
33ff
33ff
5350
65d4
2556
2083
0
0
865
28f
3eee
1441
c35e
624c
b3bf
9321
bba8
6a62
b7d2
f538
d47c
8241
0
0
0
1020
8a0e
6dcf
829b
45fa
563c
ab42
9677
9a73
1862
0
0
0
0
0
0
0
0
0
0
0
0
0
0
0
0
0
0
0
0
0
0
0
0
0
0
0
0
0
0
0
0
0
0
0
5969
452a
8ade
b80d
2a00
b80d
ab20
6dae
81ec
800
0
3
a98f
6b5e
3525
f763
9197
70d8
96a8
db07
9250
567e
ce3f
f957
6147
0
0
bb61
767c
66e8
ca34
ca55
7f6d
765b
c362
0
0
4905
d090
d63f
7f04
820f
ec4e
39db
bbdd
dc22
1174
361e
937c
39b0
4
0
800
79cb
656c
9afe
b7cc
31e0
c02f
9b00
4d4c
618a
0
0
0
0
0
0
0
0
0
0
0
0
0
0
0
0
0
0
0
0
0
0
0
0
0
0
0
0
0
0
0
0
0
0
0
0
0
0
0
0
2882
e37b
290d
af8a
ac34
bc98
e0f4
9afd
5d6a
6186
0
1809
b997
8366
5dcb
2067
91b6
36e7
7df0
8a99
4395
c963
8e31
0
0
4108
55f8
ecf7
3780
47c2
57b
661a
492a
0
0
6dad
a8fe
53f6
92fb
7e34
39a5
151c
72b4
76e2
9ba2
3196
a
0
6144
5528
92db
d8b2
bc78
ac35
b7cc
394f
ebbc
30a3
0
0
0
0
0
0
0
0
0
0
0
0
0
0
0
0
0
0
0
0
0
0
0
0
0
0
0
0
0
0
0
0
0
0
0
0
0
0
0
0
0
0
0
0
0
8a0d
a696
35b7
a434
5754
5e6
e8f4
8298
2cc0
5122
4891
d99e
a3ac
558d
fc96
f34b
841
ccfb
f6bf
4e18
1840
0
0
468
b410
bd6d
c58e
b431
c8a
800
0
1020
2552
ee9f
e560
863
2511
b787
7f1e
bc29
31be
1092
5902
34bf
7255
d8b1
fdc4
5f74
ac56
45fa
b6d9
920e
800
0
0
0
0
0
0
0
0
0
0
0
0
0
0
0
0
0
0
0
0
0
0
0
0
0
0
0
0
0
0
0
0
0
0
0
0
0
0
0
0
0
0
0
0
0
0
0
0
0
38c4
1c61
92dc
3243
6819
c189
1e69
d08f
51ed
2481
c225
1e7
82cc
8039
1004
8301
de3f
3665
f3bc
0
0
8211
5a61
63c1
6be1
5a82
8a32
0
0
db58
ddf
e65f
9b86
312c
421c
8b85
41e6
7a05
2460
51ab
c02c
e27
c189
703b
4285
a31f
2c83
40e4
0
0
0
0
0
0
0
0
0
0
0
0
0
0
0
0
0
0
0
0
0
0
0
0
0
0
0
0
0
0
0
0
0
0
0
0
0
0
0
0
0
0
0
0
0
0
0
0
0
820
0
0
0
0
800
aa92
efc1
9747
1e8c
1317
1b37
36a9
b846
6a34
8d06
6317
5f89
7e3a
332e
9cda
92b9
0
0
30a4
d84b
54c9
652d
f8d0
38e4
0
0
6a34
8c98
434f
96ff
192f
9b55
14c4
59f3
bfc4
2e66
1b16
1b38
2eae
afcb
44
b2b3
800
0
0
0
0
820
0
0
0
0
0
0
0
0
0
0
0
0
0
0
0
0
0
0
0
0
0
0
0
0
0
0
0
0
0
0
0
0
0
0
0
0
0
0
0
0
0
0
0
0
0
0
1864
4970
494b
2040
800
0
0
0
5926
5d6a
ec4a
ac76
2336
ce1f
6c5a
3ee2
bfae
faff
b1c8
3a41
273f
7b46
81cc
0
30a5
c86a
d90a
e16e
d8ce
30c6
0
698a
529f
273f
52c5
92cc
831d
8f4b
46a0
6c39
ce3f
2b58
c4b9
fcac
658c
6147
0
0
0
800
2020
492b
4970
1864
0
0
0
0
0
0
0
0
0
0
0
0
0
0
0
0
0
0
0
0
0
0
0
0
0
0
0
0
0
0
0
0
0
0
0
0
0
0
0
0
0
0
0
0
0
0
1064
7a7d
1de7
6754
d35
79cd
2020
800
0
0
1820
db37
416e
19ba
d9a3
6df
277f
3b4d
9f92
832a
36ff
2286
d77d
0
59ae
eea4
a4ff
ad3f
f29
61f0
0
b6f8
a02
3f1f
838c
8792
32eb
2f7f
6ff
e9e6
2a1d
51d1
e359
2040
0
0
0
2020
71ab
cf4
6753
1e07
7a9e
1064
0
0
0
0
0
0
0
0
0
0
0
0
0
0
0
0
0
0
0
0
0
0
0
0
0
0
0
0
0
0
0
0
0
0
0
0
0
0
0
0
0
0
0
0
0
821
821
2062
92dc
905c
8d9a
8d76
7f6e
71ce
800
0
0
0
0
6989
9e74
667a
46a5
b55f
3f9f
2ebf
367f
26bf
bfc6
4106
4638
d858
e7f
e5f
f0dc
5ebc
38c4
971f
167f
369f
2ebf
479f
c57f
56e7
76bd
aed7
71aa
0
0
0
0
800
69ac
772b
8d54
95bb
a09f
9afd
2062
821
821
0
0
0
0
0
0
0
0
0
0
0
0
0
0
0
0
0
0
0
0
0
0
0
0
0
0
0
0
0
0
0
0
0
0
0
0
0
0
0
0
0
1884
30e8
2084
0
0
0
1020
48c2
cac
a4e
6468
d987
f4b0
516c
800
0
0
0
0
2040
3fe
a2fb
8b87
2aa4
26bf
987f
a850
9eb6
37c9
367f
261f
1dff
3ebf
588f
8e74
8f8a
987f
2ebf
3ae6
9bc9
b35e
1420
2860
0
0
0
0
800
514b
ec6e
d165
6488
a70
14ce
48e2
1820
0
0
0
2084
30e7
1884
0
0
0
0
0
0
0
0
0
0
0
0
0
0
0
0
0
0
0
0
0
0
0
0
0
0
0
0
0
0
0
0
0
0
0
0
0
0
30c7
ab1a
2d4e
7edb
769a
487
8211
2862
0
1800
71ab
f46d
2ddd
2dba
fc8f
8256
1841
0
0
0
0
0
89ee
df9e
c006
a86c
2288
1d8
59fb
877f
565f
565f
877f
6a5e
f9d8
1a67
c0ae
d049
efc0
922f
0
0
0
0
0
1841
7a56
f48e
2dba
35fe
f48e
79cc
1800
0
2861
79f0
fc46
7699
7edb
2d6f
ab3b
30e7
821
0
0
0
0
0
0
0
0
0
0
0
0
0
0
0
0
0
0
0
0
0
0
0
0
0
0
0
0
0
0
0
0
0
0
0
0
0
821
20a5
7a32
2d4f
11b4
c4af
1e7f
1e60
ac0c
f0ac
1ca7
81a9
4080
71ac
dbe5
2d77
1d34
bb61
4109
0
0
0
0
0
40e6
9eb7
1f8
c2c4
7edf
973f
9f3f
9f3f
973f
86ff
cb05
1a5c
b71a
5127
0
0
0
0
0
4108
bb40
1d33
2d77
e3e6
71ac
4080
7988
1485
e06a
9beb
1e5f
1e5e
c4d0
19d6
3590
8254
28a5
821
0
0
0
0
0
0
0
0
0
0
0
0
0
0
0
0
0
0
0
0
0
0
0
0
0
0
0
821
820
820
820
800
800
800
820
820
800
0
821
800
0
0
1000
8a32
6635
8ba8
a8f8
7c9b
cde8
7c7a
b91a
cc6e
e846
6dd1
5db2
767c
55f8
fc68
8211
30c4
28c5
59af
4638
37c8
59f7
7eff
86ba
c73c
ffbf
ffbf
c75d
86ba
86ff
6a39
484b
569a
59cf
30c5
30c4
7a10
fc47
55f7
767c
5db2
65d0
e004
c42c
b0d7
6c58
c5e8
7cbc
b13a
9be9
6e57
8a53
1020
0
0
800
821
0
821
821
820
800
800
800
800
820
820
0
0
0
0
0
0
0
0
0
0
0
0
0
0
0
0
800
1000
2040
3880
5947
7a10
79f0
5927
3060
1000
0
0
821
821
0
0
0
0
0
0
40c4
423
4218
a894
d5e7
99aa
dab4
4fdb
32cb
66e8
ecf7
b410
5261
d84b
c86b
eea3
d854
367f
877f
973f
c73d
73a
5fde
5fde
f3a
c73c
973f
877f
3e9f
e8b7
fee6
c88b
d84a
5240
b410
e4f7
5ec7
2a89
47b9
dab3
a1cb
e629
b0f7
525b
c65
40e5
0
0
0
0
0
0
0
821
0
0
1000
3060
5927
79ef
8210
5948
38a1
2020
1000
800
800
0
0
0
0
0
0
0
0
0
0
0
0
1065
727d
e4db
5757
c9d1
440a
ae41
cec5
9db5
4c03
e1ea
672d
b3a7
28a7
1863
30c7
412a
598e
7212
8a76
a2fa
bb5d
cb7e
dbbf
24c9
c781
d44b
42e7
b165
33ff
c234
3f80
bd6d
63c1
54c9
d908
a4ff
e7f
261f
567f
9f3f
ffbf
5fde
b01d
b01d
67de
7df
a73f
567f
261f
167f
ad1f
d929
54ea
63c0
bd4d
2f9f
c213
33df
b9a7
532a
e4ae
d7c3
34eb
e3c0
cb9f
c37e
ab1b
8a97
7233
61af
494b
38e8
2084
28a7
ab64
5eeb
d9c9
4be1
9594
cec4
b642
442b
d1f2
5f58
ecfc
729f
1865
0
0
0
0
0
0
0
0
0
0
0
0
1065
7a9f
f55f
7fdc
299
8512
ff6a
100e
debe
7cca
290
7f91
bba8
28c7
1863
30e7
412b
59ae
7212
8a96
a2fa
c37e
cb9f
dba0
24c8
bf7f
cc09
2a62
a122
33ff
ca55
47c2
c58e
6be1
6d2d
e96c
ad3f
e7f
1e1f
567f
9f3f
ffdf
5fde
b01d
b01d
67de
7df
a73f
567f
25ff
167f
b55f
e98d
654e
6be0
bd6e
3fc2
c234
33df
a965
3aa6
dc6c
cfa2
2cea
e3c1
d3a0
c39f
ab1c
9297
7a33
61cf
516c
3908
2084
28a7
b385
774f
26f
74a9
d69d
100d
ff6b
8d54
2ba
781e
fd41
7aa0
1885
0
0
0
0
0
0
0
0
0
0
0
0
800
800
1820
2040
40c2
698a
9a94
9a74
698a
40a1
1820
800
800
821
821
0
0
800
0
0
0
3882
fc22
31d5
87ce
bd84
a1cb
d293
481b
5350
7f6d
55b
bc31
5a82
f8d0
e0ce
f49
f0d8
3e9f
877f
973f
c75d
f3a
5fde
5fde
f3a
cf5d
973f
877f
3ebf
13b
1f8c
e0ef
f0cf
5a81
b410
fd5b
774c
432f
47ba
d292
a1cc
cdc6
8830
39f7
c44
38a3
0
0
0
0
0
0
0
821
0
800
1820
38a1
6969
9a74
9a95
71ab
40c3
2840
1020
800
800
0
0
0
0
0
0
0
0
0
0
0
0
0
0
821
820
800
800
0
0
0
800
820
800
821
821
0
0
0
800
7a11
6635
7b65
9094
6c59
c5e8
8cdd
e1bf
ed14
f068
6dd1
65d4
767b
663a
c8a
8a32
38c5
30c6
61f0
5ebc
588d
725a
871f
869a
c73c
ffbf
ffbf
cf3d
86ba
86ff
7a9c
68f1
6efe
69f2
30c6
38c5
8231
c89
5e1a
765b
65f4
65d0
e846
e4d2
d17d
84bc
c5e8
7479
98b6
8b87
6e57
8232
1000
0
0
800
821
21
821
820
820
800
0
0
800
800
821
820
0
0
0
0
0
0
0
0
0
0
0
0
0
0
0
0
0
0
0
0
0
0
0
0
0
0
0
821
2084
7a53
3590
f10f
ac4c
2ea2
36a3
bc6f
f0ac
24c8
89eb
48a0
698b
d3a3
2555
2d76
c382
492a
800
0
0
0
0
5948
d79f
32a1
cae5
7edf
973f
a73f
a73f
973f
86ff
d326
123b
a6f9
40e5
0
0
0
0
800
4129
c361
2556
2555
dbc4
718c
48a0
89ca
1c86
e06a
b44e
2e83
2ea2
ac6d
f930
3db1
8254
20a5
821
0
0
0
0
0
0
0
0
0
0
0
0
0
0
0
0
0
0
0
0
0
0
0
0
0
0
0
0
0
0
0
0
0
0
0
0
0
0
30c7
ab1a
3590
8f3e
6e58
466
8a52
3083
0
1000
6148
ec2a
259a
2dbb
cd1
8a77
2063
0
0
0
0
0
a271
865
e8cc
d932
1247
d932
623d
877f
565f
565f
877f
7a80
a3b
1246
9809
af62
cf5c
79cc
0
0
0
0
0
2062
8256
4b1
35bb
259a
ec6b
6969
1000
800
2882
8232
fc66
6657
8f1e
3db1
ab1a
30e7
821
0
0
0
0
0
0
0
0
0
0
0
0
0
0
0
0
0
0
0
0
0
0
0
0
0
0
0
0
0
0
0
0
0
0
0
0
0
1864
38e8
20a5
0
0
0
1020
40a1
fc48
f1c7
5404
e9ea
fcd2
596d
800
0
0
0
0
2881
2483
cbc3
bc2c
534a
36ff
987f
6f26
75f0
484d
3e9f
261f
1dff
3ebf
68f2
9ed6
97cd
987f
269f
2263
7302
8ab9
fbdd
1840
0
0
0
0
800
516d
f4b0
d9c8
5424
f9e9
48b
40c1
1020
0
0
0
2084
38e8
1884
0
0
0
0
0
0
0
0
0
0
0
0
0
0
0
0
0
0
0
0
0
0
0
0
0
0
0
0
0
0
0
0
0
0
0
0
0
0
0
0
0
820
821
2062
929a
8819
8d98
9dda
8fd2
79f0
800
0
0
0
0
81ec
c73b
8f21
6f6b
d5bf
4f5f
269f
369f
e5f
769b
30a3
569a
e8ba
167f
e5f
13e
66fe
40e5
a742
1e9f
369f
2edf
37bf
ad3e
2e41
4e17
9653
6148
0
0
0
0
800
71cf
878f
95b8
959a
905b
9adc
2062
821
820
0
0
0
0
0
0
0
0
0
0
0
0
0
0
0
0
0
0
0
0
0
0
0
0
0
0
0
0
0
0
0
0
0
0
0
0
0
0
0
0
0
0
0
0
0
1063
725c
2608
77b8
1d79
820f
2020
0
0
0
2060
f3bb
6a35
4260
26a
171f
36df
1a46
6074
7c0e
3eff
f1bf
9674
0
61d0
fee7
a51f
b53f
1f8c
69f1
0
c73a
1244
36ff
a34e
d777
338d
1fdf
fedf
d161
156
312c
cb16
1020
0
0
800
2020
81ee
1537
7797
2629
7a7d
1064
0
0
0
0
0
0
0
0
0
0
0
0
0
0
0
0
0
0
0
0
0
0
0
0
0
0
0
0
0
0
0
0
0
0
0
0
0
0
0
0
0
0
0
0
0
0
1864
4971
516d
2840
800
0
0
0
6968
7def
1511
dd3c
43bb
d61f
5b73
3dbb
5fac
2648
5d97
5306
26ff
3a1b
6148
0
30c5
c88b
d92b
e98e
e0ef
30c6
0
71ab
62c2
1f3f
5aa6
4134
8149
efb3
3f84
6cbb
d63f
1b15
9c13
dc07
4d28
5106
0
0
0
1000
2840
496c
4991
1885
0
0
0
0
0
0
0
0
0
0
0
0
0
0
0
0
0
0
0
0
0
0
0
0
0
0
0
0
0
0
0
0
0
0
0
0
0
0
0
0
0
0
0
0
0
0
821
0
0
0
0
1840
caf5
10a7
b82e
3f12
235a
ab2
1dc2
befe
39b1
c78d
1ac
c5c1
8f82
5b72
7435
498f
0
0
30c4
d84a
54ea
6d4e
f0cf
38e4
0
0
7a76
94ba
2b6e
c661
3ddc
4007
f3ce
7a57
b929
3f2c
2338
1317
164a
8704
e7bf
a270
800
0
0
0
0
820
0
0
0
0
0
0
0
0
0
0
0
0
0
0
0
0
0
0
0
0
0
0
0
0
0
0
0
0
0
0
0
0
0
0
0
0
0
0
0
0
0
0
0
0
0
0
0
0
0
4905
3ce6
bb83
5ae9
807d
b146
fdc4
b788
4884
141e
344d
77a
344
e751
11ac
9344
f67f
f55b
cb16
0
0
7a10
5260
63c0
6be1
5a81
8231
0
0
e37a
1e01
de3f
9ba6
78d0
760a
981e
b815
10ea
2ce2
4a8e
e113
268c
c189
6fd9
2200
8299
1420
38c3
0
0
0
0
0
0
0
0
0
0
0
0
0
0
0
0
0
0
0
0
0
0
0
0
0
0
0
0
0
0
0
0
0
0
0
0
0
0
0
0
0
0
0
0
0
0
0
0
0
800
9a50
cf5d
5e5d
bcb9
5774
ed81
c04f
61d1
2bda
50a1
23a
671
b64
96ff
edc7
ee77
f041
5c4
de3f
4cd
1020
0
0
fc47
b410
bd4d
bd6e
b411
c6a
800
0
1820
3594
f69f
d55e
30a6
8bd9
1ac2
8a1c
a01e
700a
7815
49a2
2d42
92fa
158
e08
5774
93f2
2554
9675
79cc
0
0
0
0
0
0
0
0
0
0
0
0
0
0
0
0
0
0
0
0
0
0
0
0
0
0
0
0
0
0
0
0
0
0
0
0
0
0
0
0
0
0
0
0
0
30a3
fbff
51d3
c04f
b476
ac56
c870
7a57
3cc5
60c2
0
151
5a7
2dd
a700
7295
fca2
cd57
4e10
9afc
6c5a
907a
5529
0
0
4108
55f7
ecf7
377f
3fc2
55b
6619
4929
0
0
75ef
b920
43d5
9afb
c638
1eb4
ef9f
6db2
8a3c
7017
4000
380c
0
61e6
65ac
b340
f958
c4ba
a414
9768
20eb
d359
2882
0
0
0
0
0
0
0
0
0
0
0
0
0
0
0
0
0
0
0
0
0
0
0
0
0
0
0
0
0
0
0
0
0
0
0
0
0
0
0
0
69ab
65af
ab63
c84f
29ff
af8a
7a99
4d29
71aa
0
0
89
51e
1f5
6e5a
3a12
e4a3
9c20
8837
b56f
59cc
9f68
ce1f
b80b
40e4
0
0
bb40
767c
5ec7
c213
ca35
774c
767b
bb61
0
0
5126
e0d2
d63f
66e1
aa33
5b74
c593
ee9f
ff60
448f
5976
400e
1817
805
0
800
920e
7df0
b362
d071
3200
b7cb
82bc
3ce9
5948
0
0
0
0
0
0
0
0
0
0
0
0
0
0
0
0
0
0
0
0
0
0
0
0
0
0
0
0
0
0
0
0
0
0
0
1862
aab5
a6da
b362
563c
3df9
6a38
5d6c
79cc
800
0
0
0
63e8
3a33
3553
e12e
8c00
cce5
941f
d440
15fa
8b39
1c42
6793
ea2b
e800
0
0
1842
1d13
5db2
2a8a
33df
33df
432f
5df4
2d76
2063
0
0
18a7
ad0
2ecc
1441
383
3818
dedd
e69f
1725
cdfd
b4a
188f
50cc
d943
0
0
0
1840
9a50
8632
9b1f
5e5d
563c
92fe
8634
8a31
1041
0
0
0
0
0
0
0
0
0
0
0
0
0
0
0
0
0
0
0
0
0
0
0
0
0
0
0
0
0
0
30c5
baf8
8656
3970
82bc
20ec
4d4c
820e
1020
0
0
0
0
0
290a
627
9297
b3b
7cc5
8462
8c20
2b3b
e93f
9467
4d49
4171
43dd
52c7
a24f
0
0
8235
2d77
65d0
47ba
b988
a946
4fdb
65d0
2d55
8256
0
0
bab3
7b8e
3379
c8
9df1
2b0d
6da
a4ba
de3f
f622
5e4
9418
7635
4fa0
2866
0
0
0
0
0
1861
a272
75f2
4192
92de
312f
75f2
a295
2084
0
0
0
0
0
0
0
0
0
0
0
0
0
0
0
0
0
0
0
0
0
0
0
0
0
0
1042
69ae
f3e1
75f3
8635
1465
79ef
1841
0
0
0
0
0
0
0
0
2faa
7315
6c22
3465
4be0
6400
2b9d
e4c4
6e9e
d021
800
19dc
f292
8aba
800
0
800
f48e
e3e6
e025
dab6
532b
3aa6
d295
e846
dbc4
4b0
800
0
820
b361
af6
e915
0
48ac
719d
f6e1
bcfd
d59f
d53f
f4c4
e5e1
9212
bc43
0
0
0
0
0
0
0
0
2062
9a72
34e9
9698
75f3
ebc0
618d
1042
0
0
0
0
0
0
0
0
0
0
0
0
0
0
0
0
0
0
0
0
0
0
0
0
20a5
79f0
9254
596c
1842
0
0
0
0
0
0
0
0
0
0
4a13
4793
c3de
e3e2
1bc0
33e0
43e0
eb3b
6288
42b9
a2d6
2c83
5f96
d53f
143f
0
0
514a
2d9a
71ac
c44d
a1cd
e48e
d44c
a1ce
e4d3
718b
2dba
516c
0
0
34a4
f5c5
4710
ebfc
eb7d
d200
58c3
9bba
cd1f
ccdf
cc7f
cb80
cf5d
a8ed
60ef
0
0
0
0
0
0
0
0
0
0
2083
69ce
9a95
7a11
2085
0
0
0
0
0
0
0
0
0
0
0
0
0
0
0
0
0
0
0
0
0
0
0
0
821
820
0
0
0
0
0
0
0
0
0
0
0
0
0
719a
5379
ebbf
dbc1
3c0
1bc0
e37d
662d
d73f
1d0a
0
dc07
c9cb
35d7
30a2
0
800
e46d
2dfe
40a0
b0d8
de2a
d7a3
c781
cdc7
d17e
40a0
259a
f4b0
800
0
40c4
5e7e
c9aa
ab5f
0
8dd3
ab3f
48c9
abbc
cc7f
c41f
c360
bbfe
b196
2d53
0
0
0
0
0
0
0
0
0
0
0
0
0
821
821
0
0
0
0
0
0
0
0
0
0
0
0
0
0
0
0
0
0
0
0
0
0
0
0
0
0
0
0
0
0
0
0
0
0
0
0
0
0
7b5f
58df
6bbe
9ba2
dba0
ebc0
3df
c301
30ea
f00
494a
6969
4263
3ef0
9e74
0
800
69ad
c965
f48d
7988
6c59
b0d7
2cea
2cea
8810
84bd
81ca
ec4b
d9a8
71ce
800
0
c71a
5775
21fe
4906
81f0
fd8a
ca7
9b1e
c41e
c3bf
bb7f
ba61
c61d
f179
a9b9
0
0
0
0
0
0
0
0
0
0
0
0
0
0
0
0
0
0
0
0
0
0
0
0
0
0
0
0
0
0
0
0
0
0
0
0
0
0
0
0
0
0
0
0
0
0
0
0
0
0
0
0
bb4b
1b9b
8b80
9ba1
c3bf
e3a2
140e
1ae9
5d2
8c6b
0
aeb6
3eef
d8b2
79aa
0
2020
772b
6468
79ac
1c85
c5e9
4a5a
dba0
e3c1
39f7
c5e8
1c86
696a
5424
878f
2020
0
8a0d
f959
266b
8610
0
4ad2
9c7a
ac69
dc2b
bb60
bb1f
ba60
aa7f
c0da
9e84
0
0
0
0
0
0
0
0
0
0
0
0
0
0
0
0
0
0
0
0
0
0
0
0
0
0
0
0
0
0
0
0
0
0
0
0
0
0
0
0
0
0
0
0
0
0
0
0
0
0
0
bccd
71c9
39e
4ba2
9b61
cbcc
f34e
d6bf
6eca
22
0
2061
4ae
4f11
290b
0
0
79ac
8d54
a6f
1800
e06b
7cbc
c64
cb9f
d3a0
c43
7479
e06a
1000
f1e9
9db8
81ee
0
0
51d2
5753
dc07
1840
0
2808
e9f3
c365
bbcd
c328
aa7f
b921
b47d
39e4
287
0
0
0
0
0
0
0
0
0
0
0
0
0
0
0
0
0
0
0
0
0
0
0
0
0
0
0
0
0
0
0
0
0
0
0
0
0
0
0
0
0
0
0
0
0
0
0
0
0
1085
fd1b
cbbd
3341
7b89
c370
bfce
689d
114e
0
0
0
bad4
3a42
52c8
d337
0
1000
d14
95bb
cce
0
a3eb
b119
40e5
c35e
c37f
38a3
98b5
b44e
0
48b
95ba
1d57
1000
0
f3bb
734d
19de
a271
0
0
0
7875
49e5
311
baef
b1e6
a0ff
cf9c
794
822
0
0
0
0
0
0
0
0
0
0
0
0
0
0
0
0
0
0
0
0
0
0
0
0
0
0
0
0
0
0
0
0
0
0
0
0
0
0
0
0
0
0
0
0
0
0
0
0
e7c
6ab0
ab44
5b93
98fa
6a10
1a9c
0
0
0
0
0
c73b
dd3d
cbc5
2061
0
2040
6753
a09f
48e3
2861
1e40
9be9
0
aafb
ab1b
0
8387
2ea3
2882
48c1
905b
77b8
2840
0
2882
f48c
d4fc
a695
0
0
0
0
0
c883
a9d8
329d
b951
a302
71eb
6bb5
0
0
0
0
0
0
0
0
0
0
0
0
0
0
0
0
0
0
0
0
0
0
0
0
0
0
0
0
0
0
0
0
0
0
0
0
0
0
0
0
0
0
0
0
0
0
0
494a
1eee
6431
4984
5b82
23cb
0
0
0
0
0
0
2882
4cf
7b8e
4d08
0
0
492b
1e08
9afd
1020
7a10
1e5f
6e57
0
8a96
8a96
0
6e57
36c3
8231
1020
9adb
2629
516c
0
0
6dae
93d1
e429
2061
0
0
0
0
0
0
20b3
16a
5926
e60e
7846
30c7
0
0
0
0
0
0
0
0
0
0
0
0
0
0
0
0
0
0
0
0
0
0
0
0
0
0
0
0
0
0
0
0
0
0
0
0
0
0
0
0
0
0
0
0
0
800
39bc
6b8c
2536
155d
0
0
0
0
0
0
0
0
cb17
f938
4e1b
5126
0
0
4970
7a9e
2062
0
fc66
c4d0
8a53
0
7212
7232
0
8231
ac6d
fc66
0
2061
727c
4991
0
0
6169
6e80
e8f5
b2d4
0
0
0
0
0
0
0
801
8065
68dd
c5ea
24b3
0
0
0
0
0
0
0
0
0
0
0
0
0
0
0
0
0
0
0
0
0
0
0
0
0
0
0
0
0
0
0
0
0
0
0
0
0
0
0
0
0
0
0
0
0
6362
ed2a
1fd9
66
0
0
0
0
0
0
0
0
0
d77f
3200
c75d
0
0
820
1864
1042
821
0
7699
21d5
1021
0
59af
61af
0
1021
f930
6657
0
821
1041
1064
821
0
0
e803
3200
aed9
0
0
0
0
0
0
0
0
0
380c
20a2
3bea
c17e
0
0
0
0
0
0
0
0
0
0
0
0
0
0
0
0
0
0
0
0
0
0
0
0
0
0
0
0
0
0
0
0
0
0
0
0
0
0
0
0
0
0
0
0
32fe
a5a
0
0
0
0
0
0
0
0
0
0
38c4
dc2a
7ee3
9a51
0
0
0
0
0
821
0
7edb
356f
0
0
494b
494b
0
0
3d91
8f3e
0
821
0
0
0
0
0
b2d4
9726
c3c6
2883
0
0
0
0
0
0
0
0
0
0
b040
c0e0
0
0
0
0
0
0
0
0
0
0
0
0
0
0
0
0
0
0
0
0
0
0
0
0
0
0
0
0
0
0
0
0
0
0
0
0
0
0
0
0
0
0
0
0
0
0
0
0
0
0
0
0
0
0
0
0
d359
6ea1
314f
1020
0
0
0
0
0
0
2084
2d4e
8232
0
0
30e8
30e8
0
0
8253
3590
2084
0
0
0
0
0
0
1840
51f4
6e81
c2f6
0
0
0
0
0
0
0
0
0
0
0
0
0
0
0
0
0
0
0
0
0
0
0
0
0
0
0
0
0
0
0
0
0
0
0
0
0
0
0
0
0
0
0
0
0
0
0
0
0
0
0
0
0
0
0
0
0
0
0
0
0
0
0
0
0
0
0
0
bf3d
45d9
f3df
0
0
0
0
0
0
0
30e8
a2f9
2084
821
0
1863
1863
0
821
1883
a2f9
3908
0
0
0
0
0
0
0
c43
45fa
9e98
0
0
0
0
0
0
0
0
0
0
0
0
0
0
0
0
0
0
0
0
0
0
0
0
0
0
0
0
0
0
0
0
0
0
0
0
0
0
0
0
0
0
0
0
0
0
0
0
0
0
0
0
0
0
0
0
0
0
0
0
0
0
0
0
0
0
0
38e5
7259
59f6
30c4
0
0
0
0
0
0
0
1884
20a5
821
821
821
2085
2085
821
821
820
20a5
1864
0
0
0
0
0
0
0
40e5
7259
6237
30a4
0
0
0
0
0
0
0
0
0
0
0
0
0
0
0
0
0
0
0
0
0
0
0
0
0
0
0
0
0
0
0
0
0
0
0
0
0
0
0
0
0
0
0
0
0
0
0
0
0
0
0
0
0
0
0
0
0
0
0
0
0
0
0
0
0
0
cb3a
8add
34e9
0
0
0
0
0
0
0
0
0
0
0
0
0
ab64
b385
0
0
0
0
0
0
0
0
0
0
0
0
0
556e
92fe
b2d7
0
0
0
0
0
0
0
0
0
0
0
0
0
0
0
0
0
0
0
0
0
0
0
0
0
0
0
0
0
0
0
0
0
0
0
0
0
0
0
0
0
0
0
0
0
0
0
0
0
0
0
0
0
0
0
0
0
0
0
0
0
0
0
0
0
0
65d1
10cc
618b
0
0
0
0
0
0
0
0
0
0
0
821
0
5f0c
776f
800
820
0
0
0
0
0
0
0
0
0
0
0
71ad
18ec
4d6e
0
0
0
0
0
0
0
0
0
0
0
0
0
0
0
0
0
0
0
0
0
0
0
0
0
0
0
0
0
0
0
0
0
0
0
0
0
0
0
0
0
0
0
0
0
0
0
0
0
0
0
0
0
0
0
0
0
0
0
0
0
0
0
0
0
38e6
a6da
3d0b
820
0
0
0
0
0
0
0
0
0
0
0
821
1800
e1c9
26f
1820
820
0
0
0
0
0
0
0
0
0
0
0
820
556e
a6db
30c5
0
0
0
0
0
0
0
0
0
0
0
0
0
0
0
0
0
0
0
0
0
0
0
0
0
0
0
0
0
0
0
0
0
0
0
0
0
0
0
0
0
0
0
0
0
0
0
0
0
0
0
0
0
0
0
0
0
0
0
0
0
0
0
0
8a52
65b1
79ef
0
0
0
0
0
0
0
0
0
0
0
0
820
3060
4be2
7cc9
38a1
820
0
0
0
0
0
0
0
0
0
0
0
0
8a31
6dd2
8210
0
0
0
0
0
0
0
0
0
0
0
0
0
0
0
0
0
0
0
0
0
0
0
0
0
0
0
0
0
0
0
0
0
0
0
0
0
0
0
0
0
0
0
0
0
0
0
0
0
0
0
0
0
0
0
0
0
0
0
0
0
0
0
0
b2f8
db7d
1042
0
0
0
0
0
0
0
0
0
0
0
0
800
5926
9d95
d69d
6989
800
0
0
0
0
0
0
0
0
0
0
0
0
1863
db9e
aad7
0
0
0
0
0
0
0
0
0
0
0
0
0
0
0
0
0
0
0
0
0
0
0
0
0
0
0
0
0
0
0
0
0
0
0
0
0
0
0
0
0
0
0
0
0
0
0
0
0
0
0
0
0
0
0
0
0
0
0
0
0
0
0
1042
79f0
4929
0
0
0
0
0
0
0
0
0
0
0
0
0
800
8210
cec5
17cd
9a74
0
0
0
0
0
0
0
0
0
0
0
0
0
0
514b
7a11
1041
0
0
0
0
0
0
0
0
0
0
0
0
0
0
0
0
0
0
0
0
0
0
0
0
0
0
0
0
0
0
0
0
0
0
0
0
0
0
0
0
0
0
0
0
0
0
0
0
0
0
0
0
0
0
0
0
0
0
0
0
0
0
821
1863
821
0
0
0
0
0
0
0
0
0
0
0
0
0
800
8210
b642
ff6b
9a95
0
0
0
0
0
0
0
0
0
0
0
0
0
0
821
2084
821
0
0
0
0
0
0
0
0
0
0
0
0
0
0
0
0
0
0
0
0
0
0
0
0
0
0
0
0
0
0
0
0
0
0
0
0
0
0
0
0
0
0
0
0
0
0
0
0
0
0
0
0
0
0
0
0
0
0
0
0
0
0
0
0
0
0
0
0
0
0
0
0
0
0
0
0
0
0
820
5947
4c2b
8d33
718b
800
0
0
0
0
0
0
0
0
0
0
0
0
0
0
0
0
0
0
0
0
0
0
0
0
0
0
0
0
0
0
0
0
0
0
0
0
0
0
0
0
0
0
0
0
0
0
0
0
0
0
0
0
0
0
0
0
0
0
0
0
0
0
0
0
0
0
0
0
0
0
0
0
0
0
0
0
0
0
0
0
0
0
0
0
0
0
0
0
0
0
0
0
0
0
820
38a1
d1d2
2ba
40c3
820
0
0
0
0
0
0
0
0
0
0
0
0
0
0
0
0
0
0
0
0
0
0
0
0
0
0
0
0
0
0
0
0
0
0
0
0
0
0
0
0
0
0
0
0
0
0
0
0
0
0
0
0
0
0
0
0
0
0
0
0
0
0
0
0
0
0
0
0
0
0
0
0
0
0
0
0
0
0
0
0
0
0
0
0
0
0
0
0
0
0
0
0
0
0
820
2040
5f58
781e
2860
820
0
0
0
0
0
0
0
0
0
0
0
0
0
0
0
0
0
0
0
0
0
0
0
0
0
0
0
0
0
0
0
0
0
0
0
0
0
0
0
0
0
0
0
0
0
0
0
0
0
0
0
0
0
0
0
0
0
0
0
0
0
0
0
0
0
0
0
0
0
0
0
0
0
0
0
0
0
0
0
0
0
0
0
0
0
0
0
0
0
0
0
0
0
0
821
1000
e4fc
fd40
1820
820
0
0
0
0
0
0
0
0
0
0
0
0
0
0
0
0
0
0
0
0
0
0
0
0
0
0
0
0
0
0
0
0
0
0
0
0
0
0
0
0
0
0
0
0
0
0
0
0
0
0
0
0
0
0
0
0
0
0
0
0
0
0
0
0
0
0
0
0
0
0
0
0
0
0
0
0
0
0
0
0
0
0
0
0
0
0
0
0
0
0
0
0
0
0
0
800
729e
7aa0
800
0
0
0
0
0
0
0
0
0
0
0
0
0
0
0
0
0
0
0
0
0
0
0
0
0
0
0
0
0
0
0
0
0
0
0
0
0
0
0
0
0
0
0
0
0
0
0
0
0
0
0
0
0
0
0
0
0
0
0
0
0
0
0
0
0
0
0
0
0
0
0
0
0
0
0
0
0
0
0
0
0
0
0
0
0
0
0
0
0
0
0
0
0
0
0
0
20
1064
1064
0
0
0
0
0
0
0
0
0
0
0
0
0
0
0
0
0
0
0
0
0
0
0
0
0
0
0
0
0
0
0
0
0
0
0
0
0
0
0
0
0
0
0
0
0
0
0
0
0
0
0
0
0
0
0
0
0
0
0
0
0
0
0
0
0
0
0
0
0
0
0
0
0
0
0
0
0
0
0
0
0
0
0
0
0
0
0
0
0
0
0
0
0
0
0
0
0
0
0
0
0
0
0
0
0
0
0
0
0
0
0
0
0
0
0
0
0
0
0
0
0
0
0
0
0
0
0
0
0
0
0
0
0
0
0
0
0
0
0
0
0
0
0
0
0
0
0
0
0
0
0
0
0
0
0
0
0
0
0
0
0
0
0
0
0
0
0
0
0
0
0
0
0
0
0
0
0
0
0
0
0
0
0
0
0
0
0
0
0
0
0
0
0
0
0
0
0
0
0
0
0
0
0
0
0
0
0
0
0
0
0
0
0
0
0
0
0
0
0
0
0
0
0
0
0
0
0
0
0
0
0
0
0
0
0
0
0
0
0
0
0
0
0
0
0
0
0
0
0
0
0
0
0
0
0
0
0
0
0
0
0
0
0
0
0
0
0
0
0
0
0
0
0
0
0
0
0
0
0
0
0
0
0
0
0
0
0
0
0
0
0
0
0
0
0
0
0
0
0
0
0
0
0
0
0
0
0
0
0
0
0
0
0
0
0
0
0
0
0
0
0
0
0
0
0
0
0
0
0
0
0
0
0
0
0
0
0
0
0
0
0
0
0
0
0
0
0
0
0
0
0
0
0
0
0
0
0
0
0
0
0
0
0
0
0
0
0
0
0
0
0
0
0
0
0
0
0
0
0
0
0
0
0
0
0
0
0
0
0
0
0
0
0
0
0
0
0
0
0
0
0
0
0
0
0
0
0
0
0
0
0
0
0
0
0
0
0
0
0
0
0
0
0
0
0
0
0
0
0
0
0
0
0
0
0
0
0
0
0
0
0
0
0
0
0
0
0
0
0
0
0
0
0
0
0
0
0
0
0
0
0
0
0
0
0
0
0
0
0
0
0
0
0
0
0
0
0
0
0
0
0
0
0
0
0
0
0
0
0
0
0
0
0
0
0
0
0
0
0
0
0
0
0
0
0
0
0
0
0
0
0
0
0
0
0
0
0
0
0
0
0
0
0
0
0
0
0
0
0
0
0
0
0
0
0
0
0
0
0
0
0
0
0
0
0
0
0
0
0
0
0
0
0
0
0
0
0
0
0
0
0
0
0
0
0
0
0
0
0
0
0
0
0
0
0
0
0
0
0
0
0
0
0
0
0
0
0
0
0
0
0
0
0
0
0
0
0
0
0
0
0
0
0
0
0
0
0
0
0
0
0
0
0
0
0
0
0
0
0
0
0
0
0
0
0
0
0
0
0
0
0
0
0
0
0
0
0
0
0
0
0
0
0
0
0
0
0
0
0
